0 0 -0.476278 -0.622826 -0.743983 -0.836076 -0.896543 -0.923996 -0.918243 -0.880267 -0.812163 -0.717039 -0.598881 -0.462396 -0.312822 -0.155739 0.0031424 0.15818 0.304002 0.435685 0.548921 0.640153 0.706683 0.746747 0.759556 0.745297 0.705109 0.641018 0.555844 0.453083 0.33677 0.211321 0.0813736 -0.0483889 -0.173398 -0.289359 -0.3924 -0.479192 -0.547058 -0.594052 -0.619009 -0.621565 -0.602158 -0.561987 -0.502956 -0.42759 -0.338931 -0.240423 -0.135785 -0.0288821 0.076411 0.176333 0.267364 0.346335 0.410545 0.457851 0.486754 0.496466 0.486948 0.458921 0.413843 
0.5 0.309017 0.123607 -0.236324 -0.468225 -0.63368 -0.755118 -0.839973 -0.890387 -0.9071 -0.891 -0.843698 -0.767702 -0.66641 -0.544001 -0.405294 -0.255561 -0.100339 0.0547726 0.20431 0.343135 0.466606 0.570734 0.652303 0.70897 0.739321 0.742907 0.720228 0.672702 0.602587 0.512884 0.407216 0.289679 0.164696 0.036845 -0.0893006 -0.209336 -0.319174 -0.415185 -0.494309 -0.554155 -0.593067 -0.610166 -0.605361 -0.579337 -0.533509 -0.469957 -0.391341 -0.30079 -0.201787 -0.0980442 0.0066289 0.108452 0.203799 0.289321 0.362056 0.419533 0.459866 0.481826 0.484899 0.469312 
1 0.587785 0.420524 0.242374 -0.044845 -0.298873 -0.499757 -0.652973 -0.765173 -0.840301 -0.880381 -0.886752 -0.86092 -0.804989 -0.721842 -0.615137 -0.489231 -0.349029 -0.199815 -0.0470624 0.103761 0.247385 0.378918 0.494008 0.588985 0.660976 0.707983 0.728937 0.723712 0.693106 0.638795 0.563249 0.469629 0.361659 0.243481 0.119499 -0.00578062 -0.127914 -0.24267 -0.346179 -0.435057 -0.506516 -0.558447 -0.589478 -0.599008 -0.587205 -0.554987 -0.503969 -0.436393 -0.355031 -0.263085 -0.16406 -0.0616468 0.0404122 0.138444 0.22897 0.308821 0.375248 0.426019 0.459503 0.474741 
1.5 0.809017 0.676278 0.522826 0.354555 0.114915 -0.133358 -0.353197 -0.533063 -0.672329 -0.773112 -0.837473 -0.867041 -0.863368 -0.828341 -0.764441 -0.674859 -0.563482 -0.43481 -0.293813 -0.145763 0.00395156 0.150012 0.287355 0.411347 0.51793 0.603757 0.666293 0.703879 0.715779 0.702175 0.664147 0.603608 0.52322 0.426284 0.316602 0.19834 0.0758678 -0.0464011 -0.164162 -0.273372 -0.370383 -0.452063 -0.515893 -0.560044 -0.583422 -0.585692 -0.567269 -0.529289 -0.473551 -0.402439 -0.318827 -0.225967 -0.127375 -0.0267026 0.0723855 0.166336 0.251827 0.32588 0.385963 0.430087 
2 0.951057 0.865833 0.7521 0.614535 0.458547 0.252368 0.0209323 -0.203546 -0.401256 -0.5639 -0.689427 -0.778255 -0.831527 -0.850631 -0.837257 -0.793568 -0.722342 -0.627026 -0.511697 -0.380967 -0.239844 -0.0935668 0.0525804 0.193445 0.324186 0.440432 0.538427 0.615147 0.668386 0.696822 0.700034 0.678502 0.633565 0.567358 0.482713 0.383047 0.272223 0.15441 0.0339233 -0.0849282 -0.197995 -0.301428 -0.391809 -0.466259 -0.52253 -0.559066 -0.575041 -0.570378 -0.545725 -0.502421 -0.442432 -0.368269 -0.282888 -0.18958 -0.0918536 0.00668988 0.102478 0.192088 0.272363 0.340523 
2.5 1 0.970634 0.907753 0.814361 0.694466 0.552914 0.372586 0.161594 -0.0574898 -0.26375 -0.44384 -0.591192 -0.70343 -0.780288 -0.822494 -0.831352 -0.808681 -0.756878 -0.678967 -0.578605 -0.460022 -0.327915 -0.187306 -0.0433742 0.0987175 0.233999 0.357859 0.4662 0.555568 0.623259 0.667397 0.686979 0.681893 0.652896 0.601574 0.530257 0.441931 0.340106 0.228688 0.111829 -0.00622519 -0.121287 -0.229371 -0.326834 -0.410489 -0.477714 -0.526525 -0.555635 -0.564481 -0.553227 -0.522743 -0.474556 -0.410784 -0.334046 -0.247366 -0.154059 -0.0576096 0.0384428 0.13063 0.21567 
3 0.951057 0.980423 0.974549 0.934472 0.862405 0.761642 0.636405 0.478114 0.288202 0.0807869 -0.125935 -0.316678 -0.481387 -0.614613 -0.714018 -0.779104 -0.810453 -0.80939 -0.777883 -0.718533 -0.634576 -0.529844 -0.408687 -0.275858 -0.136368 0.00468337 0.142273 0.271624 0.38837 0.488689 0.569431 0.62821 0.663472 0.674524 0.661547 0.625563 0.56838 0.49251 0.401068 0.29764 0.186154 0.0707263 -0.0444816 -0.155415 -0.258266 -0.3496 -0.426468 -0.486502 -0.527982 -0.549881 -0.551889 -0.534401 -0.498494 -0.445868 -0.378775 -0.29993 -0.212407 -0.119529 -0.0247457 0.0684795 
3.5 0.809017 0.894241 0.94595 0.96311 0.945927 0.895814 0.815311 0.707967 0.570055 0.400943 0.208849 0.00797882 -0.186815 -0.363558 -0.514191 -0.634087 -0.721097 -0.77471 -0.795518 -0.784937 -0.745095 -0.678784 -0.58942 -0.48098 -0.357907 -0.224984 -0.0871834 0.0504902 0.183171 0.30629 0.415729 0.50795 0.580106 0.630125 0.656765 0.659634 0.639192 0.596704 0.534188 0.454316 0.36031 0.255816 0.144762 0.031216 -0.0807629 -0.187265 -0.284666 -0.369747 -0.4398 -0.492709 -0.527012 -0.541938 -0.537416 -0.514063 -0.473146 -0.416523 -0.346567 -0.266071 -0.178146 -0.0861057 
4 0.587785 0.720524 0.824754 0.897472 0.936854 0.942298 0.914408 0.854949 0.76676 0.648737 0.500061 0.325334 0.134921 -0.0581207 -0.241383 -0.405068 -0.542479 -0.64965 -0.724686 -0.767185 -0.777836 -0.758191 -0.710547 -0.63787 -0.543736 -0.432239 -0.307886 -0.175464 -0.0398916 0.0939458 0.221352 0.337979 0.439962 0.524048 0.587695 0.629137 0.647435 0.642489 0.615018 0.56652 0.499198 0.415865 0.319836 0.214792 0.104646 -0.0065992 -0.114999 -0.216799 -0.308568 -0.387307 -0.450548 -0.496427 -0.523734 -0.531943 -0.521215 -0.492374 -0.446863 -0.386686 -0.314317 -0.232614 
4.5 0.309017 0.476278 0.622826 0.743983 0.836076 0.896543 0.923996 0.918243 0.880267 0.812163 0.714107 0.58568 0.429472 0.252741 0.0662241 -0.11834 -0.290377 -0.441638 -0.566445 -0.66139 -0.724867 -0.756649 -0.757574 -0.729358 -0.674465 -0.596028 -0.497754 -0.383833 -0.258812 -0.12746 0.00538361 0.134965 0.256773 0.366686 0.461104 0.537058 0.592305 0.625383 0.635647 0.62327 0.58922 0.535207 0.463602 0.377342 0.279812 0.174713 0.0659255 -0.042629 -0.147131 -0.243993 -0.329982 -0.402322 -0.458785 -0.497754 -0.518268 -0.520036 -0.503439 -0.469494 -0.419809 -0.356514 
5 5.35898e-08 0.18541 0.359931 0.517668 0.653457 0.763028 0.843137 0.891652 0.907607 0.891203 0.843779 0.765976 0.657798 0.520803 0.359966 0.183721 0.00248422 -0.173232 -0.334276 -0.473577 -0.586265 -0.669426 -0.72176 -0.743248 -0.734914 -0.698645 -0.637075 -0.553482 -0.451693 -0.335964 -0.210861 -0.0811144 0.0485332 0.173477 0.289403 0.392423 0.479204 0.547065 0.594056 0.61901 0.621566 0.602158 0.561987 0.502956 0.427588 0.338922 0.240396 0.135714 0.0287082 -0.0767954 -0.177114 -0.268835 -0.348927 -0.414842 -0.464589 -0.496796 -0.51074 -0.506359 -0.48424 -0.445581 
5.5 -0.309017 -0.123607 0.0618035 0.24068 0.406873 0.554823 0.679746 0.777781 0.846104 0.883006 0.887924 0.861437 0.80416 0.716343 0.599019 0.455587 0.292467 0.118477 -0.0565484 -0.223185 -0.37342 -0.501127 -0.602107 -0.673898 -0.715508 -0.727152 -0.710048 -0.666264 -0.598595 -0.510454 -0.40576 -0.288821 -0.164197 -0.0365589 0.0894627 0.209427 0.319225 0.415212 0.494324 0.554163 0.593071 0.610168 0.605362 0.579337 0.533509 0.469956 0.391336 0.300772 0.201737 0.0979198 -0.00690931 -0.109032 -0.204914 -0.291322 -0.365434 -0.424927 -0.468048 -0.493663 -0.501281 -0.491056 
6 -0.587785 -0.420524 -0.242374 -0.0598674 0.120461 0.292308 0.449817 0.587775 0.701778 0.788374 0.845153 0.870815 0.865188 0.828572 0.761234 0.663905 0.538914 0.391046 0.227505 0.0570729 -0.111082 -0.268485 -0.40807 -0.524492 -0.614136 -0.674959 -0.706275 -0.708538 -0.683174 -0.632426 -0.559243 -0.467153 -0.360154 -0.24258 -0.118967 0.00609073 0.128092 0.242772 0.346236 0.435089 0.506533 0.558456 0.589483 0.599011 0.587207 0.554988 0.503969 0.436389 0.355019 0.26305 0.163972 0.0614431 -0.0408421 -0.139285 -0.230507 -0.311463 -0.379541 -0.432646 -0.469256 -0.488471 
6.5 -0.809017 -0.676278 -0.522826 -0.354555 -0.177742 0.00117968 0.175857 0.340233 0.488758 0.61657 0.719652 0.794953 0.84047 0.855301 0.839263 0.792446 0.715321 0.609477 0.478418 0.32787 0.165392 -0.000492302 -0.161288 -0.309357 -0.438438 -0.543857 -0.622518 -0.672772 -0.694232 -0.687597 -0.654495 -0.597343 -0.519229 -0.423784 -0.315061 -0.197405 -0.0753075 0.0467323 0.164356 0.273484 0.370447 0.452099 0.515913 0.560055 0.583429 0.585695 0.567271 0.52929 0.473549 0.402431 0.318802 0.225904 0.127228 0.0263858 -0.0730167 -0.167511 -0.253882 -0.329278 -0.391298 -0.438073 
7 -0.951056 -0.865833 -0.7521 -0.614535 -0.458547 -0.290064 -0.115318 0.0593869 0.227894 0.384413 0.523707 0.641274 0.733481 0.797675 0.832251 0.836458 0.810051 0.753213 0.666972 0.55384 0.418258 0.266538 0.10632 -0.0542448 -0.207312 -0.345988 -0.464709 -0.559395 -0.627421 -0.667508 -0.679561 -0.664521 -0.624215 -0.561223 -0.47876 -0.380541 -0.270659 -0.153448 -0.0333399 0.0852776 0.198201 0.301549 0.391879 0.466299 0.522553 0.559078 0.575049 0.570382 0.545727 0.50242 0.442427 0.368252 0.282843 0.189474 0.091621 -0.00716163 -0.103371 -0.193678 -0.275038 -0.344794 
7.5 -1 -0.970634 -0.907753 -0.814361 -0.694466 -0.552914 -0.395204 -0.227272 -0.0552768 0.114626 0.276498 0.424823 0.554694 0.661966 0.743391 0.796707 0.820558 0.814254 0.777629 0.711235 0.616798 0.497674 0.358993 0.207389 0.0504088 -0.104224 -0.249282 -0.378538 -0.487052 -0.571274 -0.629014 -0.659342 -0.66245 -0.639509 -0.592537 -0.524271 -0.438033 -0.337609 -0.227112 -0.110849 0.00682701 0.121652 0.22959 0.326963 0.410565 0.477758 0.52655 0.555649 0.564489 0.553231 0.522745 0.474554 0.410773 0.334015 0.24729 0.153889 0.0572585 -0.0391193 -0.131854 -0.217764 
8 -0.951057 -0.980423 -0.974549 -0.934472 -0.862405 -0.761642 -0.636405 -0.491685 -0.333037 -0.166381 0.00222317 0.166788 0.321609 0.46146 0.581764 0.67874 0.74952 0.792143 0.805409 0.788741 0.742237 0.666974 0.565394 0.441553 0.301055 0.150667 -0.00226748 -0.150476 -0.287314 -0.407157 -0.505627 -0.579659 -0.627469 -0.648457 -0.643088 -0.612758 -0.559666 -0.486686 -0.39724 -0.295163 -0.184575 -0.0697336 0.0450975 0.155793 0.258495 0.349737 0.426549 0.48655 0.528009 0.549897 0.551898 0.534406 0.498495 0.445862 0.378754 0.299876 0.212283 0.119269 0.0242358 -0.0694183 
8.5 -0.809017 -0.894241 -0.94595 -0.96311 -0.945927 -0.895814 -0.815311 -0.707967 -0.578198 -0.431101 -0.272269 -0.107574 0.0570433 0.215783 0.363189 0.494334 0.604978 0.691703 0.751967 0.784032 0.786858 0.760085 0.704218 0.620924 0.513301 0.385953 0.244782 0.0965521 -0.0516649 -0.193054 -0.321516 -0.431982 -0.520588 -0.584717 -0.622961 -0.635037 -0.62167 -0.584467 -0.525798 -0.448663 -0.356563 -0.25337 -0.143188 -0.0302168 0.0813891 0.187653 0.284903 0.369891 0.439886 0.49276 0.527042 0.541956 0.537426 0.514067 0.473144 0.41651 0.346529 0.265982 0.177954 0.085723 
9 -0.587785 -0.720524 -0.824754 -0.897472 -0.936854 -0.942298 -0.914408 -0.854949 -0.76676 -0.653623 -0.52011 -0.371406 -0.213106 -0.0510166 0.109063 0.261539 0.401216 0.523473 0.624411 0.700945 0.750797 0.772433 0.765025 0.728541 0.66397 0.573569 0.461 0.331269 0.190439 0.0451766 -0.0977618 -0.232014 -0.351995 -0.453151 -0.53209 -0.586613 -0.615668 -0.619269 -0.598388 -0.554834 -0.491132 -0.410391 -0.316178 -0.212384 -0.103084 0.00759994 0.115632 0.217195 0.308812 0.387457 0.450639 0.496481 0.523766 0.531962 0.521225 0.492376 0.446856 0.38666 0.314253 0.232474 
9.5 -0.309017 -0.476278 -0.622826 -0.743983 -0.836076 -0.896543 -0.923996 -0.918243 -0.880267 -0.812163 -0.717039 -0.598881 -0.462396 -0.312822 -0.155739 0.00314231 0.15818 0.304002 0.435684 0.54892 0.640135 0.706532 0.746073 0.757444 0.740102 0.694423 0.621911 0.525364 0.408907 0.277826 0.138236 -0.00336257 -0.140554 -0.267418 -0.378858 -0.470798 -0.540287 -0.585515 -0.605767 -0.60134 -0.573436 -0.524053 -0.455856 -0.372049 -0.27625 -0.17235 -0.0643802 0.0436269 0.147768 0.244394 0.330232 0.402476 0.458879 0.497811 0.518301 0.520056 0.503448 0.469493 0.419793 0.356469 
10 -1.0718e-07 -0.18541 -0.359931 -0.517668 -0.653457 -0.763028 -0.843137 -0.891652 -0.907607 -0.891203 -0.843779 -0.767735 -0.666423 -0.544007 -0.405296 -0.255562 -0.100339 0.0547724 0.20431 0.343135 0.466606 0.570723 0.652209 0.708527 0.737877 0.739212 0.712339 0.658082 0.578451 0.476725 0.357385 0.225896 0.0883409 -0.0489958 -0.180049 -0.299335 -0.402212 -0.485057 -0.545332 -0.581593 -0.593441 -0.581438 -0.547007 -0.492316 -0.420156 -0.333813 -0.236935 -0.133402 -0.0271847 0.0777866 0.177751 0.26924 0.349181 0.415 0.464687 0.496855 0.510776 0.506379 0.484247 0.445575 
10.5 0.309017 0.123607 -0.0618035 -0.24068 -0.406873 -0.554823 -0.679746 -0.777781 -0.846104 -0.883006 -0.887924 -0.861437 -0.805216 -0.72194 -0.61518 -0.48925 -0.349037 -0.199818 -0.0470639 0.10376 0.247385 0.378918 0.494001 0.588926 0.660687 0.707001 0.726328 0.717934 0.682023 0.61988 0.533987 0.428026 0.306748 0.175704 0.040884 -0.091676 -0.216271 -0.327836 -0.422169 -0.496067 -0.547383 -0.575018 -0.57887 -0.559752 -0.519291 -0.45981 -0.384212 -0.295846 -0.19838 -0.0956627 0.00840688 0.110014 0.205549 0.291729 0.365691 0.425089 0.468149 0.493725 0.501317 0.491075 
11 0.587785 0.420524 0.242374 0.0598674 -0.120461 -0.292308 -0.449817 -0.587775 -0.701778 -0.788374 -0.845153 -0.870815 -0.865188 -0.829205 -0.764846 -0.675046 -0.563568 -0.434849 -0.293831 -0.145771 0.00394797 0.15001 0.287355 0.411343 0.517892 0.603569 0.665628 0.702048 0.71158 0.693846 0.649466 0.580178 0.488887 0.379604 0.257264 0.127436 -0.00403126 -0.131375 -0.249252 -0.353002 -0.438841 -0.503966 -0.546597 -0.565961 -0.562236 -0.536469 -0.490473 -0.426716 -0.348194 -0.258305 -0.16072 -0.0592438 0.0423106 0.140254 0.231139 0.31187 0.379801 0.43281 0.469359 0.488534 
11.5 0.809017 0.676278 0.522826 0.354554 0.177742 -0.00117973 -0.175857 -0.340233 -0.488758 -0.61657 -0.719652 -0.794953 -0.84047 -0.855301 -0.839643 -0.794765 -0.722934 -0.627314 -0.511835 -0.381033 -0.239875 -0.0935814 0.0525735 0.193442 0.324182 0.440408 0.538305 0.614699 0.667108 0.693791 0.693824 0.667209 0.614991 0.539328 0.443494 0.331756 0.209164 0.0812467 -0.0463264 -0.168082 -0.279034 -0.374918 -0.452347 -0.508897 -0.543135 -0.554596 -0.543719 -0.511772 -0.460739 -0.393212 -0.312268 -0.221339 -0.124082 -0.0242464 0.0744537 0.168465 0.254508 0.329684 0.391559 0.438239 
12 0.951056 0.865833 0.7521 0.614535 0.458547 0.290064 0.115318 -0.0593869 -0.227895 -0.384413 -0.523707 -0.641274 -0.733481 -0.797675 -0.832251 -0.836686 -0.811533 -0.758374 -0.679738 -0.578996 -0.460218 -0.328013 -0.187354 -0.0433974 0.0987064 0.233992 0.357842 0.46612 0.555267 0.622372 0.665223 0.682384 0.673279 0.638306 0.57892 0.497664 0.398119 0.284746 0.162646 0.0372627 -0.0859438 -0.201798 -0.30567 -0.393676 -0.462808 -0.511004 -0.537159 -0.541095 -0.523501 -0.485844 -0.430265 -0.359467 -0.27659 -0.185085 -0.0885819 0.00923947 0.104775 0.194615 0.275656 0.345198 
12.5 1 0.970634 0.907753 0.814361 0.694466 0.552914 0.395204 0.227272 0.0552768 -0.114626 -0.276498 -0.424823 -0.554694 -0.661966 -0.743391 -0.796707 -0.820694 -0.815198 -0.781103 -0.720284 -0.635512 -0.530336 -0.408942 -0.275989 -0.136434 0.00465019 0.142255 0.271607 0.388315 0.488486 0.568818 0.626661 0.660095 0.668005 0.650186 0.607426 0.541569 0.455499 0.353047 0.238807 0.11788 -0.00441418 -0.122844 -0.23254 -0.329221 -0.409374 -0.470352 -0.510436 -0.528832 -0.525633 -0.50176 -0.458863 -0.399225 -0.325644 -0.241309 -0.149673 -0.0543254 0.0411346 0.133223 0.218683 
13 0.951057 0.980423 0.974549 0.934472 0.862405 0.761642 0.636405 0.491685 0.333037 0.166381 -0.00222322 -0.166788 -0.321609 -0.46146 -0.581764 -0.67874 -0.74952 -0.792225 -0.806009 -0.791065 -0.748597 -0.680746 -0.5905 -0.481565 -0.358219 -0.225148 -0.0872692 0.0504455 0.183143 0.306246 0.41559 0.507527 0.579007 0.62766 0.651867 0.650858 0.624799 0.574861 0.503244 0.413126 0.308534 0.194142 0.0750082 -0.0437033 -0.157005 -0.260335 -0.349758 -0.422115 -0.475108 -0.507342 -0.518317 -0.508382 -0.478671 -0.431003 -0.367788 -0.2919 -0.206564 -0.115221 -0.0214075 0.0713706 
13.5 0.809017 0.894241 0.94595 0.96311 0.945927 0.895814 0.815311 0.707967 0.578198 0.431101 0.272269 0.107574 -0.0570433 -0.215783 -0.363189 -0.494334 -0.604978 -0.691703 -0.752016 -0.784412 -0.788404 -0.76452 -0.714255 -0.640002 -0.54494 -0.432907 -0.308252 -0.175662 -0.0399976 0.0938865 0.221302 0.337875 0.439666 0.523271 0.585904 0.625482 0.640708 0.631162 0.597381 0.540899 0.464235 0.370815 0.264811 0.150929 0.0341498 -0.0805431 -0.188418 -0.285222 -0.367358 -0.432008 -0.477208 -0.501873 -0.505779 -0.489514 -0.454407 -0.402436 -0.336114 -0.258384 -0.172486 -0.0818389 
14 0.587785 0.720524 0.824754 0.897472 0.936854 0.942298 0.914408 0.854949 0.76676 0.653623 0.52011 0.371405 0.213106 0.0510166 -0.109063 -0.261539 -0.401216 -0.523473 -0.624411 -0.700974 -0.751037 -0.773457 -0.768094 -0.735791 -0.678317 -0.598291 -0.499061 -0.384575 -0.259228 -0.12769 0.00525606 0.134884 0.256678 0.366471 0.460551 0.535763 0.589594 0.620262 0.626802 0.60915 0.568199 0.505821 0.424817 0.328813 0.222083 0.109323 -0.00459668 -0.11489 -0.217089 -0.30725 -0.382105 -0.439167 -0.476791 -0.494184 -0.491382 -0.469197 -0.42914 -0.373325 -0.30436 -0.225236 
14.5 0.309017 0.476278 0.622826 0.743983 0.836076 0.896543 0.923996 0.918243 0.880267 0.812163 0.717039 0.598881 0.462396 0.312822 0.155739 -0.00314236 -0.15818 -0.304002 -0.435684 -0.54892 -0.640153 -0.706683 -0.746747 -0.759556 -0.745297 -0.705109 -0.641018 -0.555844 -0.453083 -0.33677 -0.211322 -0.081375 0.0483802 0.173359 0.289226 0.392021 0.478266 0.545063 0.590183 0.612154 0.610352 0.58506 0.537516 0.469897 0.385247 0.287348 0.180533 0.0694553 -0.0411516 -0.146714 -0.243036 -0.326477 -0.394091 -0.443711 -0.473995 -0.484427 -0.475289 -0.4476 -0.403035 -0.34383 
15 1.60769e-07 0.18541 0.359931 0.517668 0.653457 0.763028 0.843137 0.891652 0.907607 0.891203 0.843779 0.767735 0.666423 0.544007 0.405296 0.255562 0.100339 -0.0547724 -0.20431 -0.343135 -0.466606 -0.570734 -0.652303 -0.70897 -0.739321 -0.742907 -0.720228 -0.672702 -0.602587 -0.512884 -0.407216 -0.289679 -0.164697 -0.0368506 0.0892752 0.209246 0.318911 0.414524 0.492847 0.551248 0.587792 0.601328 0.591567 0.559137 0.505593 0.433385 0.345763 0.246625 0.140323 0.0314383 -0.0754531 -0.176003 -0.266287 -0.342969 -0.403414 -0.445762 -0.468961 -0.472758 -0.457663 -0.424886 
15.5 -0.309017 -0.123607 0.0618036 0.24068 0.406873 0.554823 0.679746 0.777781 0.846104 0.883006 0.887924 0.861437 0.805216 0.72194 0.61518 0.48925 0.349037 0.199818 0.0470639 -0.10376 -0.247385 -0.378918 -0.494008 -0.588985 -0.660976 -0.707983 -0.728937 -0.723712 -0.693106 -0.638795 -0.563249 -0.469629 -0.361659 -0.243482 -0.119503 0.00576395 0.127853 0.242488 0.345709 0.433992 0.504346 0.554414 0.582562 0.587965 0.570668 0.531623 0.47268 0.39653 0.306587 0.206829 0.101594 -0.00463409 -0.107455 -0.202755 -0.286883 -0.356802 -0.410178 -0.445448 -0.461834 -0.459331 
16 -0.587785 -0.420524 -0.242374 -0.0598673 0.120461 0.292308 0.449817 0.587775 0.701778 0.788374 0.845153 0.870815 0.865188 0.829205 0.764846 0.675046 0.563568 0.434849 0.293831 0.145771 -0.00394801 -0.15001 -0.287355 -0.411346 -0.51793 -0.603757 -0.666293 -0.703879 -0.715779 -0.702175 -0.664147 -0.603608 -0.52322 -0.426284 -0.316602 -0.198343 -0.0758787 0.0463603 0.164037 0.27304 0.369611 0.450452 0.512829 0.554669 0.574647 0.57226 0.547878 0.502759 0.439022 0.359561 0.267922 0.168125 0.0644697 -0.0386853 -0.137127 -0.226981 -0.304874 -0.368056 -0.414491 -0.442897 
16.5 -0.809017 -0.676278 -0.522826 -0.354554 -0.177742 0.00117978 0.175857 0.340233 0.488758 0.61657 0.719652 0.794953 0.84047 0.855301 0.839643 0.794765 0.722934 0.627314 0.511835 0.381033 0.239875 0.0935814 -0.0525736 -0.193442 -0.324185 -0.440432 -0.538427 -0.615147 -0.668386 -0.696822 -0.700034 -0.678502 -0.633565 -0.567358 -0.482713 -0.383047 -0.272224 -0.154417 -0.0339506 0.0848418 0.197761 0.300871 0.39062 0.463945 0.518379 0.55214 0.564212 0.554411 0.52342 0.472781 0.404849 0.322693 0.229952 0.130663 0.0290539 -0.0706545 -0.16445 -0.248704 -0.320316 -0.376821 
17 -0.951056 -0.865833 -0.7521 -0.614535 -0.458547 -0.290064 -0.115318 0.059387 0.227895 0.384413 0.523707 0.641274 0.733481 0.797675 0.832251 0.836686 0.811533 0.758374 0.679738 0.578996 0.460218 0.328012 0.187354 0.0433974 -0.0987064 -0.233993 -0.357856 -0.466199 -0.555567 -0.623259 -0.667397 -0.686979 -0.681893 -0.652896 -0.601574 -0.530258 -0.441931 -0.340107 -0.228693 -0.111848 0.00616607 0.121123 0.228972 0.325961 0.408751 0.474528 0.521095 0.546965 0.551433 0.534625 0.497519 0.441917 0.370382 0.286124 0.192847 0.0945713 -0.00456421 -0.100496 -0.189421 -0.267958 
17.5 -1 -0.970634 -0.907753 -0.814361 -0.694466 -0.552914 -0.395204 -0.227272 -0.0552767 0.114626 0.276498 0.424824 0.554694 0.661966 0.743391 0.796707 0.820694 0.815198 0.781103 0.720284 0.635512 0.530335 0.408942 0.275989 0.136434 -0.00465023 -0.142256 -0.271616 -0.388366 -0.488687 -0.56943 -0.62821 -0.663471 -0.674524 -0.661547 -0.625563 -0.56838 -0.492511 -0.401068 -0.297643 -0.186166 -0.0707667 0.0443671 0.15513 0.257628 0.348302 0.424038 0.482272 0.521088 0.539295 0.536493 0.513108 0.470393 0.410387 0.335829 0.25004 0.156759 0.059965 -0.0363115 -0.128177 
18 -0.951057 -0.980423 -0.974549 -0.934472 -0.862405 -0.761642 -0.636405 -0.491685 -0.333037 -0.166381 0.00222327 0.166788 0.321609 0.46146 0.581764 0.67874 0.74952 0.792225 0.806009 0.791065 0.748597 0.680746 0.5905 0.481565 0.358219 0.225148 0.0872691 -0.050446 -0.183148 -0.306279 -0.415724 -0.507947 -0.580105 -0.630125 -0.656764 -0.659634 -0.639192 -0.596704 -0.534188 -0.454316 -0.360312 -0.255824 -0.14479 -0.0312956 0.0805598 0.186801 0.283702 0.367903 0.436525 0.487263 0.518482 0.529289 0.51958 0.490068 0.442259 0.378401 0.301385 0.214609 0.121823 0.0269421 
18.5 -0.809017 -0.894241 -0.94595 -0.96311 -0.945927 -0.895814 -0.81531 -0.707967 -0.578198 -0.431101 -0.272269 -0.107574 0.0570434 0.215783 0.363189 0.494334 0.604978 0.691703 0.752016 0.784412 0.788404 0.76452 0.714255 0.640002 0.54494 0.432907 0.308252 0.175662 0.0399973 -0.09389 -0.221323 -0.337963 -0.439954 -0.524044 -0.587693 -0.629136 -0.647435 -0.642489 -0.615018 -0.56652 -0.499198 -0.415867 -0.319841 -0.21481 -0.104702 0.00645524 0.114663 0.216086 0.307176 0.384785 0.446272 0.489598 0.513412 0.517113 0.500886 0.46571 0.413325 0.346161 0.26723 0.179985 
19 -0.587785 -0.720524 -0.824754 -0.897472 -0.936854 -0.942298 -0.914408 -0.854949 -0.76676 -0.653623 -0.52011 -0.371405 -0.213106 -0.0510165 0.109063 0.261539 0.401216 0.523473 0.624411 0.700974 0.751037 0.773457 0.768094 0.735791 0.678317 0.598291 0.499061 0.384575 0.259227 0.127689 -0.00525826 -0.134897 -0.256737 -0.366667 -0.461094 -0.537053 -0.592303 -0.625382 -0.635646 -0.623269 -0.58922 -0.535207 -0.463603 -0.377346 -0.279825 -0.174751 -0.0660272 0.0423867 0.146606 0.242948 0.328051 0.398983 0.453352 0.489388 0.506023 0.502941 0.480602 0.440236 0.383791 0.313854 
19.5 -0.309017 -0.476278 -0.622826 -0.743983 -0.836076 -0.896543 -0.923996 -0.918243 -0.880267 -0.812163 -0.717039 -0.598881 -0.462396 -0.312822 -0.155739 0.0031424 0.15818 0.304002 0.435685 0.548921 0.640153 0.706683 0.746747 0.759556 0.745297 0.705109 0.641018 0.555844 0.453083 0.33677 0.211321 0.0813736 -0.0483889 -0.173398 -0.289359 -0.3924 -0.479192 -0.547058 -0.594052 -0.619009 -0.621565 -0.602158 -0.561987 -0.502956 -0.42759 -0.338931 -0.240423 -0.135785 -0.0288821 0.076411 0.176333 0.267364 0.346335 0.410545 0.457851 0.486754 0.496466 0.486948 0.458921 0.413843 
