"t = 0.001"
-10 1e+06 13 5.52607e-61 115385
-9.8 1e+06 13 5.52607e-61 115385
-9.6 1e+06 13 3.35702e-59 115385
-9.4 1e+06 13 2.03239e-57 115385
-9.2 1e+06 13 1.20673e-55 115385
-9 1e+06 13 7.0247e-54 115385
-8.8 1e+06 13 4.00798e-52 115385
-8.6 1e+06 13 2.24061e-50 115385
-8.4 1e+06 13 1.22689e-48 115385
-8.2 1e+06 13 6.57818e-47 115385
-8 1e+06 13 3.45237e-45 115385
-7.8 1e+06 13 1.77294e-43 115385
-7.6 1e+06 13 8.9061e-42 115385
-7.4 1e+06 13 4.37473e-40 115385
-7.2 1e+06 13 2.10056e-38 115385
-7 1e+06 13 9.85566e-37 115385
-6.8 1e+06 13 4.51698e-35 115385
-6.6 1e+06 13 2.02143e-33 115385
-6.4 1e+06 13 8.82963e-32 115385
-6.2 1e+06 13 3.76297e-30 115385
-6 1e+06 13 1.56408e-28 115385
-5.8 1e+06 13 6.33821e-27 115385
-5.6 1e+06 13 2.50296e-25 115385
-5.4 1e+06 13 9.62488e-24 115385
-5.2 1e+06 13 3.59988e-22 115385
-5 1e+06 13 1.30831e-20 115385
-4.8 1e+06 13 4.62517e-19 115385
-4.6 1e+06 13 1.59878e-17 115385
-4.4 1e+06 13 5.43381e-16 115385
-4.2 1e+06 13 1.79741e-14 115385
-4 1e+06 13 5.54827e-13 115385
-3.8 1e+06 13 7.87638e-12 115385
-3.6 1e+06 13 8.72519e-11 115385
-3.4 1e+06 13 8.96372e-10 115385
-3.2 1e+06 13 8.68594e-09 115385
-3 1e+06 13 7.91909e-08 115385
-2.8 1e+06 13 6.7676e-07 115385
-2.6 1e+06 13 5.39811e-06 115385
-2.4 1e+06 13 3.99921e-05 115385
-2.2 999999 13 0.000273645 115385
-2 999992 12.9999 0.00171804 115384
-1.8 999954 12.9996 0.009821 115383
-1.6 999764 12.9982 0.0506491 115374
-1.4 998915 12.9915 0.233103 115335
-1.2 995607 12.9657 0.94541 115182
-1 984570 12.8793 3.33461 114669
-0.8 953736 12.6357 10.1178 113219
-0.6 883044 12.065 26.3092 109786
-0.4 751704 10.9516 59.0986 102958
-0.2 553643 9.09364 117.215 91323.6
0 258820 4.7406 213.567 81894.7
0.2 234229 3.01558 197.837 116509
0.4 194181 2.06499 153.643 141052
0.6 146528 1.63973 85.8821 134042
0.8 116602 1.42535 33.6022 122708
1 104721 1.33647 9.96335 117534
1.2 101148 1.30893 2.45465 115912
1.4 100247 1.30192 0.529848 115498
1.6 100048 1.30037 0.102609 115407
1.8 100008 1.30007 0.0180445 115388
2 100001 1.30001 0.00290541 115385
2.2 100000 1.3 0.0004312 115385
2.4 100000 1.3 5.93297e-05 115385
2.6 100000 1.3 7.60683e-06 115385
2.8 100000 1.3 9.12924e-07 115385
3 100000 1.3 1.0297e-07 115385
3.2 100000 1.3 1.09544e-08 115385
3.4 100000 1.3 1.10266e-09 115385
3.6 100000 1.3 1.05179e-10 115385
3.8 100000 1.3 9.34957e-12 115385
4 100000 1.3 6.49594e-13 115385
4.2 100000 1.3 2.10008e-14 115385
4.4 100000 1.3 6.3759e-16 115385
4.6 100000 1.3 1.88924e-17 115385
4.8 100000 1.3 5.51507e-19 115385
5 100000 1.3 1.57883e-20 115385
5.2 100000 1.3 4.41174e-22 115385
5.4 100000 1.3 1.20178e-23 115385
5.6 100000 1.3 3.19336e-25 115385
5.8 100000 1.3 8.285e-27 115385
6 100000 1.3 2.10016e-28 115385
6.2 100000 1.3 5.20373e-30 115385
6.4 100000 1.3 1.26073e-31 115385
6.6 100000 1.3 2.98761e-33 115385
6.8 100000 1.3 6.92754e-35 115385
7 100000 1.3 1.57238e-36 115385
7.2 100000 1.3 3.49486e-38 115385
7.4 100000 1.3 7.60964e-40 115385
7.6 100000 1.3 1.62376e-41 115385
7.8 100000 1.3 3.39671e-43 115385
8 100000 1.3 6.96835e-45 115385
8.2 100000 1.3 1.40243e-46 115385
8.4 100000 1.3 2.76989e-48 115385
8.6 100000 1.3 5.37043e-50 115385
8.8 100000 1.3 1.02249e-51 115385
9 100000 1.3 1.91225e-53 115385
9.2 100000 1.3 3.51397e-55 115385
9.4 100000 1.3 6.34662e-57 115385
9.6 100000 1.3 1.14561e-58 115385
9.8 100000 1.3 1.14561e-58 115385


"t = 0.002"
-10 1e+06 13 3.19068e-45 115385
-9.8 1e+06 13 3.19068e-45 115385
-9.6 1e+06 13 9.87384e-44 115385
-9.4 1e+06 13 3.09834e-42 115385
-9.2 1e+06 13 9.56297e-41 115385
-9 1e+06 13 2.90258e-39 115385
-8.8 1e+06 13 8.66214e-38 115385
-8.6 1e+06 13 2.54119e-36 115385
-8.4 1e+06 13 7.32731e-35 115385
-8.2 1e+06 13 2.07621e-33 115385
-8 1e+06 13 5.78028e-32 115385
-7.8 1e+06 13 1.58091e-30 115385
-7.6 1e+06 13 4.24704e-29 115385
-7.4 1e+06 13 1.12055e-27 115385
-7.2 1e+06 13 2.90339e-26 115385
-7 1e+06 13 7.38709e-25 115385
-6.8 1e+06 13 1.84538e-23 115385
-6.6 1e+06 13 4.52508e-22 115385
-6.4 1e+06 13 1.08874e-20 115385
-6.2 1e+06 13 2.57041e-19 115385
-6 1e+06 13 5.96525e-18 115385
-5.8 1e+06 13 1.36567e-16 115385
-5.6 1e+06 13 3.08141e-15 115385
-5.4 1e+06 13 6.71595e-14 115385
-5.2 1e+06 13 1.34747e-12 115385
-5 1e+06 13 1.22236e-11 115385
-4.8 1e+06 13 8.91475e-11 115385
-4.6 1e+06 13 6.08775e-10 115385
-4.4 1e+06 13 3.97371e-09 115385
-4.2 1e+06 13 2.48034e-08 115385
-4 1e+06 13 1.47796e-07 115385
-3.8 1e+06 13 8.3892e-07 115385
-3.6 1e+06 13 4.52525e-06 115385
-3.4 1e+06 13 2.31357e-05 115385
-3.2 999999 13 0.00011178 115385
-3 999998 13 0.000508712 115385
-2.8 999990 12.9999 0.00217275 115384
-2.6 999960 12.9997 0.0086733 115383
-2.4 999850 12.9988 0.0322081 115378
-2.2 999485 12.996 0.110679 115361
-2 998372 12.9873 0.349906 115309
-1.8 995300 12.9633 1.01146 115167
-1.6 987687 12.9037 2.65769 114814
-1.4 970910 12.7718 6.31958 114030
-1.2 938293 12.5126 13.577 112482
-1 882596 12.0613 26.4199 109764
-0.8 798977 11.3612 46.8878 105488
-0.6 687916 10.3813 76.6873 99397.4
-0.4 556126 9.1228 117.024 91440
-0.2 415301 7.61012 168.536 81858.4
0 277795 5.63459 228.223 73952.7
0.2 267673 4.64365 227.466 86464.2
0.4 257880 3.49604 222.507 110645
0.6 242918 2.64545 209.585 137737
0.8 215830 2.15365 180.391 150324
1 177467 1.84077 131.822 144614
1.2 141098 1.59739 77.0559 132496
1.4 117660 1.43305 35.6226 123157
1.6 106486 1.34994 13.6027 118323
1.8 102133 1.31656 4.5449 116363
2 100644 1.30502 1.38018 115681
2.2 100181 1.30141 0.388004 115468
2.4 100047 1.30037 0.101832 115406
2.6 100012 1.30009 0.0250664 115390
2.8 100003 1.30002 0.00580644 115386
3 100001 1.3 0.00126938 115385
3.2 100000 1.3 0.000262603 115385
3.4 100000 1.3 5.15367e-05 115385
3.6 100000 1.3 9.61746e-06 115385
3.8 100000 1.3 1.71035e-06 115385
4 100000 1.3 2.90454e-07 115385
4.2 100000 1.3 4.71914e-08 115385
4.4 100000 1.3 7.3487e-09 115385
4.6 100000 1.3 1.09844e-09 115385
4.8 100000 1.3 1.57572e-10 115385
5 100000 1.3 2.1421e-11 115385
5.2 100000 1.3 2.45969e-12 115385
5.4 100000 1.3 1.28365e-13 115385
5.6 100000 1.3 6.09834e-15 115385
5.8 100000 1.3 2.73939e-16 115385
6 100000 1.3 1.19561e-17 115385
6.2 100000 1.3 5.13076e-19 115385
6.4 100000 1.3 2.16906e-20 115385
6.6 100000 1.3 9.02304e-22 115385
6.8 100000 1.3 3.69001e-23 115385
7 100000 1.3 1.48327e-24 115385
7.2 100000 1.3 5.86149e-26 115385
7.4 100000 1.3 2.27767e-27 115385
7.6 100000 1.3 8.70446e-29 115385
7.8 100000 1.3 3.27211e-30 115385
8 100000 1.3 1.21006e-31 115385
8.2 100000 1.3 4.40293e-33 115385
8.4 100000 1.3 1.57651e-34 115385
8.6 100000 1.3 5.55568e-36 115385
8.8 100000 1.3 1.92721e-37 115385
9 100000 1.3 6.58174e-39 115385
9.2 100000 1.3 2.2133e-40 115385
9.4 100000 1.3 7.33006e-42 115385
9.6 100000 1.3 2.46573e-43 115385
9.8 100000 1.3 2.46573e-43 115385


"t = 0.003"
-10 1e+06 13 8.97869e-36 115385
-9.8 1e+06 13 8.97869e-36 115385
-9.6 1e+06 13 1.93325e-34 115385
-9.4 1e+06 13 4.28393e-33 115385
-9.2 1e+06 13 9.36083e-32 115385
-9 1e+06 13 2.01667e-30 115385
-8.8 1e+06 13 4.28325e-29 115385
-8.6 1e+06 13 8.96833e-28 115385
-8.4 1e+06 13 1.85113e-26 115385
-8.2 1e+06 13 3.76661e-25 115385
-8 1e+06 13 7.5555e-24 115385
-7.8 1e+06 13 1.49408e-22 115385
-7.6 1e+06 13 2.91232e-21 115385
-7.4 1e+06 13 5.59457e-20 115385
-7.2 1e+06 13 1.0593e-18 115385
-7 1e+06 13 1.98003e-17 115385
-6.8 1e+06 13 3.66416e-16 115385
-6.6 1e+06 13 6.7004e-15 115385
-6.4 1e+06 13 1.18528e-13 115385
-6.2 1e+06 13 1.92767e-12 115385
-6 1e+06 13 1.40225e-11 115385
-5.8 1e+06 13 8.20623e-11 115385
-5.6 1e+06 13 4.51076e-10 115385
-5.4 1e+06 13 2.38553e-09 115385
-5.2 1e+06 13 1.21603e-08 115385
-5 1e+06 13 5.96951e-08 115385
-4.8 1e+06 13 2.81828e-07 115385
-4.6 1e+06 13 1.27768e-06 115385
-4.4 1e+06 13 5.5531e-06 115385
-4.2 1e+06 13 2.3096e-05 115385
-4 1e+06 13 9.1743e-05 115385
-3.8 999998 13 0.000347307 115385
-3.6 999994 13 0.00125007 115384
-3.4 999980 12.9998 0.00426693 115384
-3.2 999936 12.9995 0.0137725 115382
-3 999805 12.9985 0.0419042 115376
-2.8 999443 12.9957 0.119774 115359
-2.6 998509 12.9884 0.320423 115316
-2.4 996285 12.971 0.799311 115213
-2.2 991404 12.9328 1.85274 114987
-2 981605 12.856 3.97965 114531
-1.8 963684 12.7146 7.9115 113690
-1.6 933908 12.4774 14.5686 112272
-1.4 888953 12.1134 24.9301 110079
-1.2 827079 11.5998 39.86 106952
-1 748950 10.9278 59.9688 102805
-0.8 657710 10.1041 85.563 97639.7
-0.6 558353 9.14844 116.668 91548.9
-0.4 456949 8.09046 153.003 84719.9
-0.2 360740 6.97869 193.447 77537.5
0 282008 5.89304 232.243 71781.5
0.2 275777 5.43458 233.806 76117.4
0.4 271151 4.6628 233.503 87227.8
0.6 266617 3.77001 231.679 106081
0.8 260572 3.01766 227.365 129524
1 249959 2.51783 217.569 148913
1.2 230496 2.21166 197.148 156328
1.4 200465 1.97962 161.909 151896
1.6 165310 1.75563 114.55 141240
1.8 135221 1.55716 67.1849 130257
2 116116 1.4218 32.677 122503
2.2 106534 1.3503 13.6999 118344
2.4 102433 1.31888 5.17888 116499
2.6 100849 1.30661 1.81818 115775
2.8 100280 1.30219 0.601557 115514
3 100088 1.30069 0.188797 115425
3.2 100026 1.3002 0.0563837 115397
3.4 100007 1.30006 0.0160542 115388
3.6 100002 1.30002 0.00436489 115386
3.8 100001 1.3 0.00113486 115385
4 100000 1.3 0.000282561 115385
4.2 100000 1.3 6.74674e-05 115385
4.4 100000 1.3 1.54698e-05 115385
4.6 100000 1.3 3.41082e-06 115385
4.8 100000 1.3 7.24056e-07 115385
5 100000 1.3 1.48169e-07 115385
5.2 100000 1.3 2.92629e-08 115385
5.4 100000 1.3 5.58361e-09 115385
5.6 100000 1.3 1.03015e-09 115385
5.8 100000 1.3 1.8363e-10 115385
6 100000 1.3 3.13088e-11 115385
6.2 100000 1.3 4.63366e-12 115385
6.4 100000 1.3 3.43461e-13 115385
6.6 100000 1.3 1.91519e-14 115385
6.8 100000 1.3 1.06754e-15 115385
7 100000 1.3 5.78763e-17 115385
7.2 100000 1.3 3.07614e-18 115385
7.4 100000 1.3 1.61272e-19 115385
7.6 100000 1.3 8.35098e-21 115385
7.8 100000 1.3 4.26924e-22 115385
8 100000 1.3 2.15376e-23 115385
8.2 100000 1.3 1.07202e-24 115385
8.4 100000 1.3 5.26475e-26 115385
8.6 100000 1.3 2.55118e-27 115385
8.8 100000 1.3 1.21989e-28 115385
9 100000 1.3 5.75633e-30 115385
9.2 100000 1.3 2.68069e-31 115385
9.4 100000 1.3 1.23224e-32 115385
9.6 100000 1.3 5.83565e-34 115385
9.8 100000 1.3 5.83565e-34 115385


"t = 0.004"
-10 1e+06 13 8.17107e-29 115385
-9.8 1e+06 13 8.17107e-29 115385
-9.6 1e+06 13 1.39109e-27 115385
-9.4 1e+06 13 2.46855e-26 115385
-9.2 1e+06 13 4.3301e-25 115385
-9 1e+06 13 7.5065e-24 115385
-8.8 1e+06 13 1.28599e-22 115385
-8.6 1e+06 13 2.17715e-21 115385
-8.4 1e+06 13 3.64273e-20 115385
-8.2 1e+06 13 6.024e-19 115385
-8 1e+06 13 9.83999e-18 115385
-7.8 1e+06 13 1.5838e-16 115385
-7.6 1e+06 13 2.50646e-15 115385
-7.4 1e+06 13 3.94746e-14 115385
-7.2 1e+06 13 6.45074e-13 115385
-7 1e+06 13 6.01049e-12 115385
-6.8 1e+06 13 3.29892e-11 115385
-6.6 1e+06 13 1.60561e-10 115385
-6.4 1e+06 13 7.51017e-10 115385
-6.2 1e+06 13 3.39969e-09 115385
-6 1e+06 13 1.49053e-08 115385
-5.8 1e+06 13 6.3247e-08 115385
-5.6 1e+06 13 2.59478e-07 115385
-5.4 1e+06 13 1.0281e-06 115385
-5.2 1e+06 13 3.92926e-06 115385
-5 1e+06 13 1.44665e-05 115385
-4.8 1e+06 13 5.12362e-05 115385
-4.6 999999 13 0.000174298 115385
-4.4 999997 13 0.000568588 115384
-4.2 999992 12.9999 0.0017755 115384
-4 999975 12.9998 0.00529688 115383
-3.8 999930 12.9995 0.0150657 115381
-3.6 999810 12.9985 0.0407605 115376
-3.4 999513 12.9962 0.104644 115362
-3.2 998817 12.9908 0.254273 115330
-3 997288 12.9788 0.583276 115259
-2.8 994148 12.9543 1.26004 115114
-2.6 988145 12.9073 2.55842 114835
-2.4 977494 12.8237 4.87689 114339
-2.2 959995 12.6854 8.72816 113516
-2 933384 12.4732 14.6886 112247
-1.8 895867 12.1699 23.3156 110420
-1.6 846651 11.7639 35.061 107955
-1.4 786244 11.2521 50.212 104813
-1.2 716415 10.6396 68.8772 101002
-1 639867 9.9384 91.0078 96575
-0.8 559806 9.16528 116.43 91618.4
-0.6 479604 8.34065 144.837 86253.1
-0.4 402809 7.49106 175.637 80657.9
-0.2 334040 6.66438 207.244 75184.7
0 282949 5.9782 234.005 70995.2
0.2 278198 5.76265 235.98 72414.1
0.4 275114 5.34423 236.652 77218
0.6 272628 4.70181 236.57 86975.6
0.8 270251 3.9571 235.837 102443
1 267451 3.28059 234.191 122288
1.2 263192 2.77976 230.735 142022
1.4 255460 2.45971 223.432 155787
1.6 241286 2.25431 208.878 160549
1.8 218245 2.08181 183.256 157252
2 187458 1.89235 145.174 148591
2.2 155313 1.69107 99.5951 137764
2.4 129751 1.51933 57.7042 128100
2.6 113974 1.40605 28.5405 121590
2.8 105955 1.3459 12.5132 118086
3 102372 1.31841 5.0498 116472
3.2 100897 1.30699 1.92093 115798
3.4 100325 1.30253 0.69691 115534
3.6 100113 1.30088 0.242381 115437
3.8 100038 1.30029 0.0809946 115402
4 100012 1.30009 0.026035 115390
4.2 100004 1.30003 0.00805686 115386
4.4 100001 1.30001 0.00240228 115385
4.6 100000 1.3 0.000690682 115385
4.8 100000 1.3 0.000191643 115385
5 100000 1.3 5.13617e-05 115385
5.2 100000 1.3 1.33074e-05 115385
5.4 100000 1.3 3.33604e-06 115385
5.6 100000 1.3 8.09879e-07 115385
5.8 100000 1.3 1.90556e-07 115385
6 100000 1.3 4.349e-08 115385
6.2 100000 1.3 9.63482e-09 115385
6.4 100000 1.3 2.07326e-09 115385
6.6 100000 1.3 4.33349e-10 115385
6.8 100000 1.3 8.76889e-11 115385
7 100000 1.3 1.66869e-11 115385
7.2 100000 1.3 2.52186e-12 115385
7.4 100000 1.3 1.69771e-13 115385
7.6 100000 1.3 1.06436e-14 115385
7.8 100000 1.3 6.52562e-16 115385
8 100000 1.3 3.97602e-17 115385
8.2 100000 1.3 2.40573e-18 115385
8.4 100000 1.3 1.44099e-19 115385
8.6 100000 1.3 8.534e-21 115385
8.8 100000 1.3 4.99723e-22 115385
9 100000 1.3 2.89405e-23 115385
9.2 100000 1.3 1.65791e-24 115385
9.4 100000 1.3 9.39719e-26 115385
9.6 100000 1.3 5.55551e-27 115385
9.8 100000 1.3 5.55551e-27 115385


"t = 0.005"
-10 1e+06 13 3.58206e-23 115385
-9.8 1e+06 13 3.58206e-23 115385
-9.6 1e+06 13 5.15359e-22 115385
-9.4 1e+06 13 7.80972e-21 115385
-9.2 1e+06 13 1.172e-19 115385
-9 1e+06 13 1.74102e-18 115385
-8.8 1e+06 13 2.558e-17 115385
-8.6 1e+06 13 3.7136e-16 115385
-8.4 1e+06 13 5.34732e-15 115385
-8.2 1e+06 13 7.75794e-14 115385
-8 1e+06 13 1.14435e-12 115385
-7.8 1e+06 13 8.41587e-12 115385
-7.6 1e+06 13 4.05694e-11 115385
-7.4 1e+06 13 1.76174e-10 115385
-7.2 1e+06 13 7.38383e-10 115385
-7 1e+06 13 3.0058e-09 115385
-6.8 1e+06 13 1.18928e-08 115385
-6.6 1e+06 13 4.57127e-08 115385
-6.4 1e+06 13 1.70569e-07 115385
-6.2 1e+06 13 6.17301e-07 115385
-6 1e+06 13 2.16482e-06 115385
-5.8 1e+06 13 7.34923e-06 115385
-5.6 1e+06 13 2.41266e-05 115385
-5.4 1e+06 13 7.65054e-05 115385
-5.2 999999 13 0.000234048 115385
-5 999997 13 0.000689874 115384
-4.8 999991 12.9999 0.00195651 115384
-4.6 999975 12.9998 0.00533079 115383
-4.4 999935 12.9995 0.0139316 115382
-4.2 999838 12.9987 0.0348629 115377
-4 999612 12.997 0.0833847 115367
-3.8 999115 12.9931 0.190257 115344
-3.6 998077 12.985 0.413328 115296
-3.4 996034 12.969 0.853404 115201
-3.2 992240 12.9394 1.67203 115026
-3 985625 12.8876 3.10528 114718
-2.8 974807 12.8025 5.46491 114213
-2.6 958233 12.6714 9.11941 113432
-2.4 934425 12.4816 14.4542 112297
-2.2 902301 12.2223 21.82 110737
-2 861439 11.8869 31.4861 108704
-1.8 812207 11.4741 43.6116 106179
-1.6 755719 10.9875 58.2418 103170
-1.4 693647 10.4349 75.3235 99710.5
-1.2 627972 9.82714 94.73 95852.7
-1 560766 9.17654 116.28 91663
-0.8 494054 8.49667 139.734 87220.2
-0.6 429821 7.8032 164.74 82623.9
-0.4 370285 7.11836 190.627 78027.5
-0.2 318843 6.48552 215.72 73743.4
0 283053 6.011 235.102 70633.7
0.2 279045 5.89568 237.049 70995.7
0.4 276593 5.68394 237.959 72993.3
0.6 274799 5.30093 238.323 77759.5
0.8 273308 4.74521 238.322 86394.9
1 271924 4.09925 238.002 99502.6
1.2 270445 3.4826 237.294 116484
1.4 268511 2.98757 235.929 134814
1.6 265396 2.64485 233.234 150516
1.8 259726 2.42921 227.828 160377
2 249376 2.28601 217.375 163632
2.2 231991 2.15799 198.778 161255
2.4 206613 2.0055 169.363 154535
2.6 175979 1.82154 129.632 144915
2.8 146684 1.63457 86.0853 134608
3 124846 1.4848 48.9412 126124
3.2 111798 1.38992 24.2789 120653
3.4 105174 1.33995 10.9032 117737
3.6 102148 1.31668 4.57728 116370
3.8 100855 1.30666 1.8314 115778
4 100329 1.30256 0.704948 115536
4.2 100122 1.30095 0.262104 115441
4.4 100044 1.30034 0.094284 115405
4.6 100015 1.30012 0.0328362 115392
4.8 100005 1.30004 0.0110764 115387
5 100002 1.30001 0.00362028 115385
5.2 100001 1.3 0.00114699 115385
5.4 100000 1.3 0.000352417 115385
5.6 100000 1.3 0.000105065 115385
5.8 100000 1.3 3.04094e-05 115385
6 100000 1.3 8.54972e-06 115385
6.2 100000 1.3 2.3364e-06 115385
6.4 100000 1.3 6.20945e-07 115385
6.6 100000 1.3 1.60592e-07 115385
6.8 100000 1.3 4.04401e-08 115385
7 100000 1.3 9.92106e-09 115385
7.2 100000 1.3 2.37223e-09 115385
7.4 100000 1.3 5.52836e-10 115385
7.6 100000 1.3 1.2526e-10 115385
7.8 100000 1.3 2.71873e-11 115385
8 100000 1.3 4.9691e-12 115385
8.2 100000 1.3 4.14732e-13 115385
8.4 100000 1.3 2.98397e-14 115385
8.6 100000 1.3 2.06801e-15 115385
8.8 100000 1.3 1.39972e-16 115385
9 100000 1.3 9.36724e-18 115385
9.2 100000 1.3 6.21799e-19 115385
9.4 100000 1.3 4.09356e-20 115385
9.6 100000 1.3 2.8391e-21 115385
9.8 100000 1.3 2.8391e-21 115385


"t = 0.006"
-10 1e+06 13 2.41541e-18 115385
-9.8 1e+06 13 2.41541e-18 115385
-9.6 1e+06 13 3.07243e-17 115385
-9.4 1e+06 13 4.14588e-16 115385
-9.2 1e+06 13 5.54066e-15 115385
-9 1e+06 13 7.42718e-14 115385
-8.8 1e+06 13 1.02588e-12 115385
-8.6 1e+06 13 7.69917e-12 115385
-8.4 1e+06 13 3.48477e-11 115385
-8.2 1e+06 13 1.39698e-10 115385
-8 1e+06 13 5.40949e-10 115385
-7.8 1e+06 13 2.03824e-09 115385
-7.6 1e+06 13 7.4838e-09 115385
-7.4 1e+06 13 2.6772e-08 115385
-7.2 1e+06 13 9.32638e-08 115385
-7 1e+06 13 3.16176e-07 115385
-6.8 1e+06 13 1.04233e-06 115385
-6.6 1e+06 13 3.33892e-06 115385
-6.4 1e+06 13 1.03841e-05 115385
-6.2 1e+06 13 3.13265e-05 115385
-6 1e+06 13 9.15866e-05 115385
-5.8 999999 13 0.000259239 115385
-5.6 999997 13 0.000709672 115384
-5.4 999991 12.9999 0.0018768 115384
-5.2 999978 12.9998 0.00478922 115384
-5 999945 12.9996 0.0117772 115382
-4.8 999870 12.999 0.0278718 115379
-4.6 999705 12.9977 0.063389 115371
-4.4 999356 12.995 0.138339 115355
-4.2 998654 12.9895 0.289274 115322
-4 997309 12.979 0.578736 115260
-3.8 994860 12.9599 1.10637 115147
-3.6 990636 12.9268 2.019 114951
-3.4 983739 12.8727 3.51535 114630
-3.2 973095 12.789 5.84047 114133
-3 957568 12.6662 9.26739 113401
-2.8 936139 12.4953 14.0678 112379
-2.6 908095 12.2693 20.4793 111020
-2.4 873186 11.984 28.6771 109294
-2.2 831681 11.6386 38.7598 107188
-2 784334 11.2359 50.7481 104709
-1.8 732269 10.7812 64.5962 101881
-1.6 676825 10.282 80.2085 98739.1
-1.4 619415 9.74674 97.4561 95326.5
-1.2 561420 9.18432 116.187 91692.1
-1 504133 8.60399 136.224 87889.4
-0.8 448770 8.01569 157.34 83979.7
-0.6 396582 7.43172 179.181 80045.1
-0.4 349158 6.87132 201.057 76220.8
-0.2 309259 6.37322 221.341 72787.2
0 282894 6.02555 235.915 70423.6
0.2 279375 5.95192 237.736 70408
0.4 277257 5.84235 238.68 71184.5
0.6 275775 5.63388 239.177 73424.1
0.8 274625 5.28164 239.397 77994.3
1 273658 4.78901 239.415 85714.4
1.2 272782 4.21479 239.261 97080.1
1.4 271906 3.64703 238.919 111833
1.6 270896 3.16303 238.307 128467
1.8 269492 2.80206 237.206 144265
2 267182 2.5618 235.134 156442
2.2 263017 2.41157 231.143 163596
2.4 255463 2.30944 223.607 165926
2.6 242516 2.21468 210.144 164256
2.8 222447 2.09593 187.995 159199
3 195507 1.93929 155.506 151221
3.2 165600 1.75689 114.887 141386
3.4 139132 1.58397 73.752 131757
3.6 120542 1.454 41.0329 124355
3.8 109792 1.37491 20.2924 119780
4 104372 1.3338 9.2392 117377
4.2 101866 1.3145 3.9806 116241
4.4 100770 1.30599 1.64854 115739
4.6 100308 1.3024 0.66119 115527
4.8 100120 1.30094 0.257617 115440
5 100045 1.30035 0.0976203 115406
5.2 100017 1.30013 0.0359905 115392
5.4 100006 1.30005 0.0129116 115387
5.6 100002 1.30002 0.00450781 115386
5.8 100001 1.30001 0.00153185 115385
6 100000 1.3 0.000506792 115385
6.2 100000 1.3 0.000163279 115385
6.4 100000 1.3 5.12468e-05 115385
6.6 100000 1.3 1.56746e-05 115385
6.8 100000 1.3 4.67407e-06 115385
7 100000 1.3 1.35938e-06 115385
7.2 100000 1.3 3.85766e-07 115385
7.4 100000 1.3 1.06863e-07 115385
7.6 100000 1.3 2.89096e-08 115385
7.8 100000 1.3 7.64072e-09 115385
8 100000 1.3 1.97344e-09 115385
8.2 100000 1.3 4.97957e-10 115385
8.4 100000 1.3 1.22418e-10 115385
8.6 100000 1.3 2.88781e-11 115385
8.8 100000 1.3 5.73219e-12 115385
9 100000 1.3 5.30003e-13 115385
9.2 100000 1.3 4.03179e-14 115385
9.4 100000 1.3 3.00439e-15 115385
9.6 100000 1.3 2.34663e-16 115385
9.8 100000 1.3 2.34663e-16 115385


"t = 0.007"
-10 1e+06 13 4.79372e-14 115385
-9.8 1e+06 13 4.79372e-14 115385
-9.6 1e+06 13 5.48286e-13 115385
-9.4 1e+06 13 5.27554e-12 115385
-9.2 1e+06 13 2.38573e-11 115385
-9 1e+06 13 9.05873e-11 115385
-8.8 1e+06 13 3.30506e-10 115385
-8.6 1e+06 13 1.17403e-09 115385
-8.4 1e+06 13 4.07204e-09 115385
-8.2 1e+06 13 1.37924e-08 115385
-8 1e+06 13 4.56068e-08 115385
-7.8 1e+06 13 1.47148e-07 115385
-7.6 1e+06 13 4.62982e-07 115385
-7.4 1e+06 13 1.41966e-06 115385
-7.2 1e+06 13 4.23961e-06 115385
-7 1e+06 13 1.23222e-05 115385
-6.8 1e+06 13 3.48293e-05 115385
-6.6 1e+06 13 9.56668e-05 115385
-6.4 999999 13 0.000255141 115385
-6.2 999997 13 0.000660119 115384
-6 999992 12.9999 0.00165534 115384
-5.8 999981 12.9999 0.00401931 115384
-5.6 999956 12.9997 0.00943986 115383
-5.4 999900 12.9992 0.0214217 115380
-5.2 999782 12.9983 0.046916 115375
-5 999539 12.9964 0.099049 115363
-4.8 999063 12.9927 0.201334 115341
-4.6 998169 12.9857 0.393558 115300
-4.4 996565 12.9732 0.739017 115226
-4.2 993815 12.9517 1.33187 115099
-4 989327 12.9166 2.30233 114890
-3.8 982354 12.8619 3.8168 114566
-3.6 972048 12.7807 6.07035 114084
-3.4 957553 12.666 9.27115 113400
-3.2 938129 12.5112 13.6192 112474
-3 913281 12.3113 19.2841 111273
-2.8 882842 12.0634 26.3883 109776
-2.6 847013 11.767 34.9975 107973
-2.4 806333 11.4242 45.122 105871
-2.2 761600 11.039 56.7242 103487
-2 713773 10.6167 69.7304 100847
-1.8 663879 10.1634 84.0431 97980.9
-1.6 612930 9.68561 99.5504 94923.7
-1.4 561876 9.18985 116.132 91711.3
-1.2 511584 8.68259 133.655 88381
-1 462850 8.17049 151.966 84973.6
-0.8 416451 7.66113 170.853 81538.4
-0.6 373268 7.1648 189.968 78146.2
-0.4 334583 6.69875 208.622 74920.7
-0.2 302767 6.29756 225.288 72115.4
0 282640 6.03264 236.567 70277.7
0.2 279496 5.97786 238.247 70132.7
0.4 277599 5.91542 239.166 70392.1
0.6 276297 5.8047 239.697 71398.2
0.8 275319 5.60158 239.994 73725.2
1 274533 5.27592 240.131 78052.8
1.2 273868 4.83185 240.148 85019.8
1.4 273274 4.31286 240.063 95043.9
1.6 272707 3.78615 239.877 108041
1.8 272107 3.31629 239.563 123078
2 271378 2.94407 239.05 138267
2.2 270333 2.67948 238.174 151335
2.4 268609 2.50769 236.592 160671
2.6 265545 2.40057 233.649 165926
2.8 260038 2.32662 228.204 167649
3 250489 2.25663 218.478 166502
3.2 235078 2.16625 202.079 162778
3.4 212734 2.03939 176.634 156469
3.6 184838 1.87556 141.603 147826
3.8 156153 1.69665 100.832 138054
4 132533 1.53876 62.5448 129195
4.2 116830 1.42705 34.0381 122802
4.4 108026 1.36162 16.7379 119005
4.6 103626 1.32808 7.68464 117040
4.8 101579 1.31228 3.37141 116110
5 100668 1.3052 1.43147 115692
5.2 100276 1.30215 0.591681 115512
5.4 100111 1.30087 0.238642 115436
5.6 100044 1.30034 0.0939933 115405
5.8 100017 1.30013 0.0361576 115392
6 100006 1.30005 0.0135843 115388
6.2 100002 1.30002 0.00498406 115386
6.4 100001 1.30001 0.00178581 115385
6.6 100000 1.3 0.00062491 115385
6.8 100000 1.3 0.000213592 115385
7 100000 1.3 7.13206e-05 115385
7.2 100000 1.3 2.32704e-05 115385
7.4 100000 1.3 7.42099e-06 115385
7.6 100000 1.3 2.31373e-06 115385
7.8 100000 1.3 7.05487e-07 115385
8 100000 1.3 2.10439e-07 115385
8.2 100000 1.3 6.14281e-08 115385
8.4 100000 1.3 1.75528e-08 115385
8.6 100000 1.3 4.91111e-09 115385
8.8 100000 1.3 1.34557e-09 115385
9 100000 1.3 3.60776e-10 115385
9.2 100000 1.3 9.43018e-11 115385
9.4 100000 1.3 2.35e-11 115385
9.6 100000 1.3 5.14914e-12 115385
9.8 100000 1.3 5.14914e-12 115385


"t = 0.008"
-10 1e+06 13 5.16728e-11 115385
-9.8 1e+06 13 5.16728e-11 115385
-9.6 1e+06 13 1.79345e-10 115385
-9.4 1e+06 13 6.07366e-10 115385
-9.2 1e+06 13 2.01387e-09 115385
-9 1e+06 13 6.53388e-09 115385
-8.8 1e+06 13 2.07379e-08 115385
-8.6 1e+06 13 6.4363e-08 115385
-8.4 1e+06 13 1.95247e-07 115385
-8.2 1e+06 13 5.78613e-07 115385
-8 1e+06 13 1.67422e-06 115385
-7.8 1e+06 13 4.72724e-06 115385
-7.6 1e+06 13 1.30171e-05 115385
-7.4 1e+06 13 3.49351e-05 115385
-7.2 1e+06 13 9.13185e-05 115385
-7 999999 13 0.00023233 115385
-6.8 999997 13 0.000574886 115384
-6.6 999994 12.9999 0.00138246 115384
-6.4 999985 12.9999 0.00322824 115384
-6.2 999966 12.9997 0.0073139 115383
-6 999925 12.9994 0.0160623 115381
-5.8 999841 12.9988 0.0341615 115377
-5.6 999673 12.9974 0.0702925 115370
-5.4 999349 12.9949 0.139795 115355
-5.2 998751 12.9903 0.268447 115327
-5 997687 12.982 0.497284 115278
-4.8 995873 12.9678 0.887914 115194
-4.6 992911 12.9446 1.52718 115057
-4.4 988279 12.9084 2.52936 114842
-4.2 981356 12.854 4.03418 114519
-4 971462 12.7761 6.19923 114056
-3.8 957932 12.669 9.18732 113418
-3.6 940210 12.5279 13.1508 112574
-3.4 917931 12.3489 18.2163 111500
-3.2 890979 12.13 24.4734 110179
-3 859505 11.8709 31.9691 108606
-2.8 823907 11.5732 40.7086 106786
-2.6 784777 11.2398 50.6616 104732
-2.4 742831 10.8747 61.77 102462
-2.2 698846 10.4827 73.9575 100000
-2 653599 10.0686 87.137 97371.9
-1.8 607824 9.63737 101.217 94604.3
-1.6 562198 9.19386 116.101 91723.9
-1.4 517323 8.74271 131.692 88758
-1.2 473747 8.2886 147.879 85734.6
-1 431983 7.83656 164.525 82686.2
-0.8 392579 7.39278 181.428 79654.6
-0.6 356232 6.96633 198.244 76704.3
-0.4 324052 6.57304 214.3 73950.2
-0.2 298135 6.24387 228.182 71622.6
0 282352 6.0362 237.112 70164.8
0.2 279514 5.99126 238.658 69980.5
0.4 277788 5.95034 239.534 70026.7
0.6 276610 5.88937 240.064 70451.6
0.8 275739 5.77738 240.387 71591.1
1 275057 5.58099 240.572 73926.8
1.2 274496 5.27837 240.657 78006
1.4 274017 4.87318 240.666 84344.4
1.6 273592 4.39851 240.611 93301.6
1.8 273197 3.90699 240.496 104888
2 272803 3.45284 240.314 118512
2.2 272369 3.07539 240.039 132846
2.4 271824 2.7912 239.616 146079
2.6 271033 2.59577 238.923 156620
2.8 269741 2.471 237.719 163744
3 267483 2.39328 235.546 167646
3.2 263469 2.33915 231.604 168952
3.4 256477 2.2875 224.587 168181
3.6 244886 2.21978 212.58 165480
3.8 227130 2.12067 193.231 160654
4 202879 1.98244 164.683 153507
4.2 174608 1.8132 127.666 144447
4.4 147597 1.64074 87.5159 134937
4.6 126815 1.49878 52.4807 126918
4.8 113678 1.40388 27.9624 121462
5 106516 1.35017 13.6626 118336
5.2 102968 1.32302 6.30641 116743
5.4 101312 1.3102 2.80389 115988
5.6 100566 1.30441 1.21308 115645
5.8 100239 1.30186 0.513053 115495
6 100099 1.30077 0.212487 115430
6.2 100040 1.30031 0.0862205 115403
6.4 100016 1.30012 0.0342755 115392
6.6 100006 1.30005 0.0133469 115387
6.8 100002 1.30002 0.00509001 115386
7 100001 1.30001 0.00190085 115385
7.2 100000 1.3 0.000695092 115385
7.4 100000 1.3 0.000248887 115385
7.6 100000 1.3 8.72684e-05 115385
7.8 100000 1.3 2.99676e-05 115385
8 100000 1.3 1.00798e-05 115385
8.2 100000 1.3 3.32154e-06 115385
8.4 100000 1.3 1.0725e-06 115385
8.6 100000 1.3 3.39414e-07 115385
8.8 100000 1.3 1.05302e-07 115385
9 100000 1.3 3.20348e-08 115385
9.2 100000 1.3 9.55861e-09 115385
9.4 100000 1.3 2.79818e-09 115385
9.6 100000 1.3 8.03716e-10 115385
9.8 100000 1.3 8.03716e-10 115385


"t = 0.009"
-10 1e+06 13 2.92198e-09 115385
-9.8 1e+06 13 2.92198e-09 115385
-9.6 1e+06 13 8.97134e-09 115385
-9.4 1e+06 13 2.69851e-08 115385
-9.2 1e+06 13 7.94893e-08 115385
-9 1e+06 13 2.29202e-07 115385
-8.8 1e+06 13 6.46624e-07 115385
-8.6 1e+06 13 1.78405e-06 115385
-8.4 1e+06 13 4.81131e-06 115385
-8.2 1e+06 13 1.26765e-05 115385
-8 1e+06 13 3.2612e-05 115385
-7.8 1e+06 13 8.18751e-05 115385
-7.6 999999 13 0.000200476 115385
-7.4 999998 13 0.00047845 115385
-7.2 999995 13 0.00111222 115384
-7 999988 12.9999 0.00251667 115384
-6.8 999974 12.9998 0.00553894 115383
-6.6 999945 12.9996 0.0118486 115382
-6.4 999885 12.9991 0.0246149 115379
-6.2 999769 12.9982 0.0496215 115374
-6 999549 12.9965 0.0969878 115364
-5.8 999145 12.9933 0.183644 115345
-5.6 998434 12.9878 0.336586 115312
-5.4 997225 12.9783 0.596699 115256
-5.2 995249 12.9629 1.02256 115165
-5 992142 12.9386 1.6932 115021
-4.8 987453 12.9019 2.70864 114803
-4.6 980656 12.8485 4.18692 114487
-4.4 971198 12.774 6.25722 114044
-4.2 958552 12.674 9.04974 113447
-4 942286 12.5445 12.6839 112673
-3.8 922121 12.3827 17.2576 111703
-3.6 897968 12.187 22.8389 110524
-3.4 869943 11.9573 29.4633 109132
-3.2 838350 11.6946 37.1336 107530
-3 803640 11.4014 45.8251 105729
-2.8 766368 11.0807 55.4915 103744
-2.6 727137 10.7361 66.0715 101592
-2.4 686560 10.3716 77.4953 99294.5
-2.2 645229 9.99102 89.6891 96871.4
-2 603688 9.59821 102.578 94343.8
-1.8 562427 9.19679 116.088 91732
-1.6 521882 8.79021 130.143 89056.1
-1.4 482441 8.38185 144.662 86336.6
-1.2 444463 7.97522 159.55 83595.8
-1 408312 7.57437 174.681 80860.7
-0.8 374411 7.18466 189.859 78168.9
-0.6 343359 6.81443 204.742 75580.5
-0.4 316164 6.47839 218.68 73204.3
-0.2 294698 6.20427 230.376 71248.8
0 282057 6.03787 237.58 70072
0.2 279478 5.99902 239.003 69881
0.4 277893 5.96837 239.831 69841.4
0.6 276811 5.93157 240.347 70001.2
0.8 276018 5.8697 240.675 70536.4
1 275405 5.75742 240.88 71752.1
1.2 274909 5.5684 240.997 74054.3
1.4 274495 5.2859 241.048 77894.5
1.6 274137 4.91281 241.049 83700.7
1.8 273820 4.4748 241.007 91787.3
2 273529 4.01395 240.928 102217
2.2 273249 3.57607 240.808 114616
2.4 272961 3.19788 240.64 128035
2.6 272634 2.89927 240.404 141053
2.8 272215 2.68261 240.057 152211
3 271610 2.53715 239.51 160579
3.2 270637 2.44535 238.593 166011
3.4 268969 2.38821 236.986 168936
3.6 266042 2.34824 234.125 169941
3.8 260944 2.31013 229.064 169435
4 252352 2.25992 220.338 167496
4.2 238673 2.18444 205.917 163890
4.4 218697 2.07314 183.576 158236
4.6 192944 1.92415 152.161 150412
4.8 164885 1.75253 113.811 141126
5 139930 1.58944 75.0638 132056
5.2 121917 1.46392 43.5784 124922
5.4 111037 1.38424 22.7714 120322
5.6 105249 1.34052 11.0577 117771
5.8 102406 1.31868 5.12306 116487
6 101076 1.30837 2.30117 115879
6.2 100471 1.30367 1.01029 115602
6.4 100203 1.30158 0.435056 115478
6.6 100086 1.30067 0.183992 115424
6.8 100036 1.30028 0.076439 115401
7 100015 1.30011 0.0311909 115391
7.2 100006 1.30005 0.0124975 115387
7.4 100002 1.30002 0.00491575 115386
7.6 100001 1.30001 0.00189774 115385
7.8 100000 1.3 0.000718952 115385
8 100000 1.3 0.000267267 115385
8.2 100000 1.3 9.74908e-05 115385
8.4 100000 1.3 3.4895e-05 115385
8.6 100000 1.3 1.22567e-05 115385
8.8 100000 1.3 4.22514e-06 115385
9 100000 1.3 1.42961e-06 115385
9.2 100000 1.3 4.74867e-07 115385
9.4 100000 1.3 1.54873e-07 115385
9.6 100000 1.3 4.96035e-08 115385
9.8 100000 1.3 4.96035e-08 115385


"t = 0.01"
-10 1e+06 13 8.89949e-08 115385
-9.8 1e+06 13 8.89949e-08 115385
-9.6 1e+06 13 2.45921e-07 115385
-9.4 1e+06 13 6.65788e-07 115385
-9.2 1e+06 13 1.76525e-06 115385
-9 1e+06 13 4.58161e-06 115385
-8.8 1e+06 13 1.16352e-05 115385
-8.6 1e+06 13 2.88978e-05 115385
-8.4 1e+06 13 7.01584e-05 115385
-8.2 999999 13 0.000166415 115385
-8 999998 13 0.000385452 115385
-7.8 999996 13 0.000871297 115384
-7.6 999991 12.9999 0.00192099 115384
-7.4 999981 12.9999 0.00412834 115384
-7.2 999960 12.9997 0.00864251 115383
-7 999918 12.9994 0.0176127 115381
-6.8 999837 12.9987 0.0349164 115377
-6.6 999687 12.9976 0.0672888 115370
-6.4 999414 12.9954 0.125966 115358
-6.2 998935 12.9917 0.228904 115335
-6 998123 12.9854 0.40351 115298
-5.8 996794 12.975 0.689609 115237
-5.6 994695 12.9586 1.14209 115139
-5.4 991498 12.9336 1.83243 114991
-5.2 986810 12.8968 2.8482 114773
-5 980184 12.8448 4.2899 114465
-4.8 971164 12.7738 6.26492 114042
-4.6 959321 12.6801 8.87937 113484
-4.4 944312 12.5607 12.2292 112770
-4.2 925915 12.4132 16.392 111886
-4 904060 12.2366 21.4216 110823
-3.8 878838 12.0305 27.3455 109576
-3.6 850483 11.796 34.1656 108149
-3.4 819350 11.5348 41.8619 106550
-3.2 785876 11.2494 50.3965 104790
-3 750545 10.9427 59.7197 102883
-2.8 713851 10.6178 69.774 100847
-2.6 676278 10.278 80.4986 98697.9
-2.4 638277 9.92631 91.8323 96452.3
-2.2 600259 9.5657 103.715 94126.8
-2 562589 9.19896 116.086 91736.9
-1.8 525589 8.82869 128.889 89297.9
-1.6 489544 8.45741 142.062 86825.1
-1.4 454713 8.08768 155.535 84334.5
-1.2 421352 7.72228 169.225 81844.7
-1 389737 7.36468 183.009 79379.5
-0.8 360226 7.01975 196.695 76974
-0.6 333363 6.69533 209.947 74685.6
-0.4 310085 6.40519 222.137 72617.2
-0.2 292068 6.17415 232.086 70957.4
0 281767 6.03845 237.988 69993.2
0.2 279411 6.00393 239.3 69807.1
0.4 277947 5.9787 240.081 69734.1
0.6 276945 5.95358 240.577 69776
0.8 276213 5.91762 240.902 70014.5
1 275652 5.85451 241.114 70625.5
1.2 275204 5.74293 241.246 71880.6
1.4 274833 5.56144 241.319 74126.4
1.6 274518 5.29665 241.348 77742.7
1.8 274243 4.95067 241.342 83092.5
2 273998 4.54371 241.306 90454
2.2 273774 4.10994 241.245 99919.2
2.4 273564 3.68833 241.159 111255
2.6 273355 3.31258 241.045 123781
2.8 273135 3.00405 240.895 136383
3 272880 2.7697 240.694 147785
3.2 272552 2.60434 240.409 156980
3.4 272084 2.49528 239.976 163559
3.6 271347 2.42702 239.276 167703
3.8 270111 2.38456 238.084 169913
4 267973 2.35484 236 170695
4.2 264264 2.32667 232.348 170371
4.4 257957 2.28969 226.034 168991
4.6 247650 2.23324 215.431 166339
4.8 231846 2.14665 198.44 162005
5 209822 2.02264 173.091 155605
5.2 183034 1.86482 139.15 147227
5.4 155769 1.69426 100.225 137908
5.6 133156 1.5431 63.6127 129437
5.8 117774 1.43395 35.8302 123199
6 108850 1.36784 18.4016 119367
6.2 104202 1.33251 8.88689 117300
6.4 101936 1.31504 4.12886 116273
6.6 100873 1.3068 1.86974 115787
6.8 100387 1.30302 0.830568 115563
7 100169 1.30132 0.362891 115463
7.2 100073 1.30057 0.156085 115418
7.4 100031 1.30024 0.0660946 115399
7.6 100013 1.3001 0.0275476 115391
7.8 100005 1.30004 0.0112972 115387
8 100002 1.30002 0.00455717 115386
8.2 100001 1.30001 0.00180775 115385
8.4 100000 1.3 0.000705035 115385
8.6 100000 1.3 0.000270303 115385
8.8 100000 1.3 0.000101864 115385
9 100000 1.3 3.7731e-05 115385
9.2 100000 1.3 1.37369e-05 115385
9.4 100000 1.3 4.91593e-06 115385
9.6 100000 1.3 1.72933e-06 115385
9.8 100000 1.3 1.72933e-06 115385


"t = 0.011"
-10 1e+06 13 1.65178e-06 115385
-9.8 1e+06 13 1.65178e-06 115385
-9.6 1e+06 13 4.14997e-06 115385
-9.4 1e+06 13 1.02156e-05 115385
-9.2 1e+06 13 2.46279e-05 115385
-9 1e+06 13 5.81229e-05 115385
-8.8 999999 13 0.000134223 115385
-8.6 999999 13 0.000303153 115385
-8.4 999997 13 0.000669329 115384
-8.2 999993 12.9999 0.0014439 115384
-8 999986 12.9999 0.00304173 115384
-7.8 999971 12.9998 0.00625388 115383
-7.6 999942 12.9995 0.0125422 115382
-7.4 999886 12.9991 0.0245205 115379
-7.2 999783 12.9983 0.0467039 115375
-7 999597 12.9969 0.0866109 115366
-6.8 999273 12.9943 0.156285 115351
-6.6 998724 12.99 0.27424 115326
-6.4 997825 12.983 0.467704 115284
-6.2 996398 12.9719 0.774891 115218
-6 994209 12.9548 1.24679 115117
-5.8 990965 12.9294 1.94785 114966
-5.6 986318 12.893 2.95499 114751
-5.4 979888 12.8425 4.35446 114451
-5.2 971293 12.7748 6.23665 114048
-5 960178 12.6869 8.68953 113524
-4.8 946264 12.5762 11.7917 112863
-4.6 929369 12.441 15.6062 112053
-4.4 909437 12.2802 20.1767 111086
-4.2 886537 12.0937 25.5253 109959
-4 860855 11.8821 31.6536 108674
-3.8 832675 11.6471 38.545 107238
-3.6 802348 11.3904 46.1685 105661
-3.4 770269 11.1146 54.4829 103953
-3.2 736845 10.8222 63.4404 102129
-3 702477 10.5159 72.9899 100202
-2.8 667548 10.1981 83.0798 98186.9
-2.6 632406 9.87147 93.6593 96096
-2.4 597365 9.53823 104.68 93942.7
-2.2 562702 9.20056 116.093 91739.4
-2 528662 8.86048 127.854 89497.7
-1.8 495458 8.51992 139.915 87229.4
-1.6 463285 8.18077 152.226 84946.4
-1.4 432326 7.84506 164.724 82662
-1.2 402775 7.51516 177.331 80392.4
-1 374862 7.19416 189.928 78159.6
-0.8 348908 6.88663 202.324 75996.9
-0.6 325425 6.60003 214.188 73959.8
-0.4 305290 6.34734 224.917 72145.9
-0.2 290005 6.15067 233.448 70725.2
0 281487 6.03836 238.349 69924.7
0.2 279326 6.00723 239.561 69747.5
0.4 277967 5.98528 240.296 69662.6
0.6 277034 5.96604 240.771 69652.7
0.8 276353 5.94309 241.088 69749.9
1 275834 5.90681 241.3 70046.5
1.2 275423 5.84272 241.439 70709.4
1.4 275086 5.73256 241.524 71979.9
1.6 274802 5.55851 241.569 74157
1.8 274556 5.30946 241.583 77566.1
2 274339 4.98679 241.572 82519.8
2.2 274145 4.6066 241.54 89266.9
2.4 273967 4.19699 241.49 97915.6
2.6 273802 3.79132 241.423 108327
2.8 273641 3.42024 241.338 120010
3 273479 3.10545 241.233 132096
3.2 273304 2.85692 241.101 143496
3.4 273100 2.67372 240.929 153213
3.6 272840 2.54722 240.694 160669
3.8 272474 2.46491 240.351 165811
4 271912 2.41371 239.813 168980
4.2 270991 2.38186 238.924 170659
4.4 269425 2.35962 237.401 171272
4.6 266729 2.33876 234.761 171071
4.8 262128 2.31162 230.202 170093
5 254480 2.26992 222.477 168165
5.2 242342 2.20422 209.808 164917
5.4 224407 2.10531 190.092 159887
5.6 200582 1.9692 161.791 152789
5.8 173292 1.80519 125.801 143995
6 147363 1.63925 87.1313 134845
6.2 127262 1.50196 53.2761 127097
6.4 114312 1.40856 29.1935 121733
6.6 107058 1.35429 14.7706 118577
6.8 103347 1.32593 7.10065 116914
7 101548 1.31204 3.30656 116096
7.2 100704 1.30548 1.50737 115709
7.4 100315 1.30246 0.676069 115530
7.6 100139 1.30109 0.298923 115449
7.8 100061 1.30047 0.130368 115413
8 100026 1.3002 0.0560795 115397
8.2 100011 1.30009 0.023786 115390
8.4 100005 1.30004 0.00994406 115387
8.6 100002 1.30001 0.00409618 115385
8.8 100001 1.30001 0.00166201 115385
9 100000 1.3 0.000664075 115385
9.2 100000 1.3 0.000261245 115385
9.4 100000 1.3 0.000101174 115385
9.6 100000 1.3 3.85685e-05 115385
9.8 100000 1.3 3.85685e-05 115385


"t = 0.012"
-10 1e+06 13 2.0371e-05 115385
-9.8 1e+06 13 2.0371e-05 115385
-9.6 1e+06 13 4.6925e-05 115385
-9.4 1e+06 13 0.00010591 115385
-9.2 999999 13 0.000234116 115385
-9 999998 13 0.000506637 115385
-8.8 999995 13 0.00107285 115384
-8.6 999990 12.9999 0.00222207 115384
-8.4 999979 12.9998 0.00449925 115384
-8.2 999959 12.9997 0.00890158 115383
-8 999920 12.9994 0.0171994 115381
-7.8 999849 12.9988 0.0324373 115378
-7.6 999722 12.9978 0.0596794 115372
-7.4 999502 12.9961 0.107057 115362
-7.2 999129 12.9932 0.187149 115344
-7 998518 12.9884 0.318651 115316
-6.8 997544 12.9808 0.528211 115271
-6.6 996040 12.9691 0.852124 115202
-6.4 993789 12.9515 1.33751 115097
-6.2 990527 12.926 2.04248 114946
-6 985950 12.8901 3.03485 114733
-5.8 979729 12.8412 4.38922 114443
-5.6 971539 12.7767 6.18257 114060
-5.4 961084 12.694 8.48888 113567
-5.2 948131 12.5911 11.3737 112952
-5 932529 12.4664 14.8893 112205
-4.8 914229 12.319 19.0717 111320
-4.6 893285 12.1488 23.9394 110293
-4.4 869848 11.9565 29.4939 109127
-4.2 844146 11.7431 35.7214 107826
-4 816469 11.5104 42.5962 106399
-3.8 787141 11.2603 50.0838 104856
-3.6 756503 10.9949 58.1438 103207
-3.4 724895 10.7165 66.7328 101465
-3.2 692642 10.4272 75.8066 99639.8
-3 660045 10.1291 85.3219 97744.3
-2.8 627378 9.82436 95.2365 95789.1
-2.6 594884 9.51465 105.511 93784.5
-2.4 562779 9.20173 116.106 91740.2
-2.2 531250 8.88718 126.986 89665.7
-2 500461 8.5725 138.114 87569.8
-1.8 470561 8.25914 149.45 85461.8
-1.6 441686 7.94862 160.949 83351.5
-1.4 413978 7.64263 172.556 81250.5
-1.2 387595 7.34327 184.193 79173.5
-1 362739 7.05341 195.744 77141.3
-0.8 339713 6.77743 207.019 75186.2
-0.6 319002 6.52248 217.692 73362.1
-0.4 301437 6.30079 227.187 71761.6
-0.2 288354 6.13199 234.553 70536.7
0 281220 6.03785 238.671 69864.3
0.2 279231 6.00952 239.793 69697.2
0.4 277966 5.98984 240.485 69609.3
0.6 277093 5.97381 240.938 69576.8
0.8 276456 5.95745 241.245 69607.7
1 275973 5.93522 241.455 69746.2
1.2 275592 5.89824 241.596 70086.6
1.4 275282 5.83356 241.688 70784.1
1.6 275022 5.72536 241.742 72053.7
1.8 274799 5.55851 241.768 74156.4
2 274604 5.32354 241.771 77374.3
2.2 274429 5.02122 241.757 81980.8
2.4 274271 4.66446 241.727 88200.2
2.6 274126 4.27661 241.685 96148.5
2.8 273991 3.88636 241.63 105751
3 273863 3.52148 241.563 116654
3.2 273736 3.20331 241.483 128181
3.4 273605 2.94375 241.387 139416
3.6 273462 2.74512 241.271 149426
3.8 273296 2.60216 241.124 157540
4 273086 2.5051 240.929 163517
4.2 272796 2.44262 240.654 167523
4.4 272364 2.40391 240.239 169950
4.6 271673 2.37985 239.571 171233
4.8 270521 2.3631 238.453 171716
5 268559 2.3476 236.539 171596
5.2 265214 2.32772 233.25 170906
5.4 259599 2.29715 227.652 169514
5.6 250473 2.24818 218.335 167117
5.8 236398 2.17176 203.398 163277
6 216381 2.06015 180.834 157548
6.2 191092 1.91328 149.742 149815
6.4 163881 1.74625 112.328 140771
6.6 139753 1.58827 74.7629 131986
6.8 122214 1.46605 44.1223 125043
7 111452 1.38735 23.5936 120502
7.2 105603 1.34322 11.7878 117929
7.4 102654 1.3206 5.6459 116600
7.6 101232 1.30959 2.63444 115951
7.8 100563 1.30439 1.2077 115644
8 100254 1.30198 0.546024 115502
8.2 100114 1.30089 0.24383 115437
8.4 100050 1.30039 0.107579 115408
8.6 100022 1.30017 0.0468885 115395
8.8 100009 1.30007 0.0201812 115389
9 100004 1.30003 0.00857435 115386
9.2 100002 1.30001 0.0035947 115385
9.4 100001 1.30001 0.00148657 115385
9.6 100000 1.3 0.000606248 115385
9.8 100000 1.3 0.000606248 115385


"t = 0.013"
-10 999999 13 0.000178263 115385
-9.8 999999 13 0.000178263 115385
-9.6 999998 13 0.000379149 115385
-9.4 999996 13 0.000790156 115384
-9.2 999992 12.9999 0.00161284 115384
-9 999985 12.9999 0.00322301 115384
-8.8 999971 12.9998 0.00630275 115383
-8.6 999944 12.9996 0.0120559 115382
-8.4 999895 12.9992 0.0225456 115380
-8.2 999808 12.9985 0.0412013 115376
-8 999658 12.9973 0.0735421 115369
-7.8 999404 12.9953 0.128153 115357
-7.6 998986 12.9921 0.217914 115338
-7.4 998319 12.9869 0.361426 115307
-7.2 997282 12.9788 0.584483 115259
-7 995718 12.9666 0.921331 115187
-6.8 993428 12.9487 1.4154 115081
-6.6 990173 12.9232 2.11913 114930
-6.4 985684 12.888 3.09258 114721
-6.2 979677 12.8408 4.40077 114441
-6 971870 12.7793 6.10995 114075
-5.8 962014 12.7014 8.28313 113611
-5.6 949911 12.6053 10.9758 113037
-5.4 935433 12.4896 14.232 112345
-5.2 918536 12.3538 18.0822 111529
-5 899264 12.1976 22.542 110587
-4.8 877738 12.0215 27.613 109521
-4.6 854146 11.8265 33.2838 108335
-4.4 828728 11.6139 39.5328 107035
-4.2 801756 11.3854 46.3309 105629
-4 773519 11.1429 53.6435 104127
-3.8 744306 10.8881 61.4334 102539
-3.6 714398 10.623 69.6625 100875
-3.4 684058 10.3494 78.2928 99144.7
-3.2 653526 10.069 87.2878 97357.2
-3 623020 9.78343 96.6128 95521.8
-2.8 592732 9.49417 106.235 93646.7
-2.6 562829 9.20258 116.123 91739.8
-2.4 533458 8.90991 126.248 89808.6
-2.2 504748 8.61735 136.58 87860.2
-2 476815 8.32604 147.087 85901.8
-1.8 449764 8.03715 157.737 83940.9
-1.6 423700 7.75193 168.488 81986
-1.4 398735 7.47186 179.287 80047.4
-1.2 375009 7.19887 190.059 78139
-1 352709 6.93571 200.686 76281.1
-0.8 332124 6.6866 210.981 74505.1
-0.6 313724 6.45846 220.624 72863.4
-0.4 298291 6.26278 229.067 71443.8
-0.2 287009 6.11687 235.465 70381.3
0 280968 6.03708 238.961 69810.6
0.2 279131 6.01113 240.002 69653.6
0.4 277950 5.99319 240.653 69566.3
0.6 277130 5.97915 241.085 69524.1
0.8 276532 5.96626 241.381 69524.1
1 276079 5.95129 241.586 69584.7
1.2 275724 5.92908 241.727 69755.5
1.4 275437 5.89137 241.822 70128.9
1.6 275198 5.8265 241.882 70848.2
1.8 274994 5.72062 241.916 72106
2 274815 5.56066 241.929 74132
2.2 274657 5.33839 241.926 77174
2.4 274513 5.05403 241.909 81473.4
2.6 274382 4.71804 241.881 87233.9
2.8 274261 4.34991 241.844 94574.8
3 274149 3.97449 241.798 103466
3.2 274042 3.61685 241.743 113652
3.4 273939 3.29755 241.679 124610
3.6 273835 3.02968 241.604 135576
3.8 273726 2.81797 241.518 145704
4 273607 2.65999 241.414 154290
4.2 273468 2.54847 241.288 160960
4.4 273296 2.47379 241.126 165715
4.6 273065 2.42609 240.904 168830
4.8 272729 2.39665 240.58 170694
5 272207 2.37835 240.075 171678
5.2 271355 2.36566 239.248 172059
5.4 269923 2.3541 237.855 171991
5.6 267494 2.33952 235.48 171505
5.8 263399 2.31723 231.436 170504
6 256638 2.28116 224.645 168755
6.2 245890 2.22346 213.536 165883
6.4 229800 2.13541 196.129 161421
6.6 207824 2.01128 170.652 154994
6.8 181504 1.85562 137.072 146719
7 154965 1.6891 98.9856 137616
7.2 132992 1.54198 63.3252 129371
7.4 117952 1.43525 36.1657 123273
7.6 109114 1.36983 18.9326 119483
7.8 104430 1.33425 9.36119 117403
8 102098 1.31629 4.47099 116347
8.2 100977 1.3076 2.09009 115834
8.4 100449 1.3035 0.962741 115592
8.6 100204 1.30159 0.438238 115479
8.8 100092 1.30072 0.197342 115427
9 100041 1.30032 0.0879243 115404
9.2 100018 1.30014 0.0387501 115393
9.4 100008 1.30006 0.0168868 115388
9.6 100003 1.30003 0.00727364 115386
9.8 100003 1.30003 0.00727364 115386


"t = 0.014"
-10 999995 13 0.00116484 115384
-9.8 999995 13 0.00116484 115384
-9.6 999989 12.9999 0.00230131 115384
-9.4 999979 12.9998 0.00445508 115384
-9.2 999961 12.9997 0.00844757 115383
-9 999927 12.9994 0.0156828 115381
-8.8 999867 12.999 0.0284934 115378
-8.6 999764 12.9982 0.0506417 115374
-8.4 999590 12.9968 0.0880089 115366
-8.2 999304 12.9946 0.149491 115353
-8 998846 12.991 0.248083 115331
-7.8 998130 12.9854 0.402083 115298
-7.6 997042 12.9769 0.636265 115248
-7.4 995433 12.9643 0.982804 115174
-7.2 993121 12.9463 1.48168 115066
-7 989891 12.921 2.18031 114917
-6.8 985502 12.8866 3.13212 114713
-6.6 979707 12.8411 4.3942 114442
-6.4 972261 12.7824 6.0241 114094
-6.2 962950 12.7088 8.07611 113655
-6 951604 12.6188 10.5977 113118
-5.8 938112 12.5111 13.6268 112474
-5.6 922436 12.3852 17.1893 111718
-5.4 904608 12.241 21.2989 110850
-5.2 884728 12.0789 25.9571 109869
-5 862953 11.8995 31.1545 108780
-4.8 839484 11.7042 36.8731 107588
-4.6 814552 11.4942 43.0877 106299
-4.4 788402 11.2712 49.7687 104923
-4.2 761286 11.0367 56.884 103466
-4 733446 10.7924 64.4 101939
-3.8 705114 10.5399 72.2835 100350
-3.6 676504 10.2806 80.5024 98705.8
-3.4 647811 10.0161 89.0259 97015.8
-3.2 619206 9.74752 97.825 95286.7
-3 590844 9.47619 106.873 93525.5
-2.8 562857 9.20317 116.144 91738.5
-2.6 535362 8.92948 125.613 89931.7
-2.4 508463 8.65607 135.257 88111
-2.2 482249 8.38384 145.052 86281.9
-2 456804 8.11372 154.97 84450.4
-1.8 432209 7.84665 164.982 82622.9
-1.6 408546 7.58374 175.049 80807.1
-1.4 385914 7.32633 185.119 79012.5
-1.2 364438 7.07624 195.116 77252.5
-1 344299 6.83614 204.926 75546.8
-0.8 325777 6.61015 214.359 73926.6
-0.6 309329 6.40496 223.103 72442.7
-0.4 295689 6.23134 230.641 71177.9
-0.2 285897 6.10445 236.226 70251.2
0 280730 6.03614 239.223 69762.3
0.2 279029 6.01227 240.191 69615
0.4 277923 5.99576 240.804 69530
0.6 277153 5.9831 241.216 69483.9
0.8 276589 5.97219 241.5 69469.3
1 276163 5.96105 241.699 69491.9
1.2 275830 5.94669 241.839 69575.6
1.4 275562 5.9242 241.935 69772
1.6 275340 5.88586 241.998 70170
1.8 275152 5.82113 242.037 70901.7
2 274988 5.71779 242.057 72140.2
2.2 274843 5.5644 242.062 74089.6
2.4 274712 5.35365 242.054 76969.4
2.6 274592 5.08533 242.036 80995.2
2.8 274481 4.7679 242.01 86352.9
3 274379 4.41779 241.977 93161.6
3.2 274283 4.05656 241.937 101422
3.4 274192 3.70682 241.89 110955
3.6 274105 3.38817 241.837 121351
3.8 274019 3.11427 241.777 131982
4 273931 2.89167 241.708 142097
4.2 273839 2.72027 241.63 150999
4.4 273737 2.59501 241.538 158229
4.6 273620 2.50798 241.429 163650
4.8 273477 2.45033 241.292 167412
5 273290 2.41376 241.112 169833
5.2 273026 2.39122 240.856 171268
5.4 272628 2.37722 240.47 172025
5.6 271993 2.36756 239.854 172325
5.8 270943 2.3589 238.836 172290
6 269178 2.34819 237.116 171948
6.2 266203 2.33197 234.198 171230
6.4 261245 2.30562 229.277 169962
6.6 253196 2.26277 221.119 167845
6.8 240687 2.19527 208.004 164459
7 222547 2.09501 187.943 159341
7.2 198829 1.95904 159.579 152239
7.4 171996 1.79721 123.968 143553
7.6 146690 1.63481 86.052 134594
7.8 127095 1.50078 52.9744 127028
8 114403 1.40924 29.3696 121771
8.2 107220 1.35552 15.0996 118648
8.4 103492 1.32705 7.40332 116980
8.6 101653 1.31285 3.52857 116144
8.8 100771 1.30601 1.65243 115740
9 100356 1.30278 0.764305 115549
9.2 100163 1.30127 0.349936 115460
9.4 100074 1.30058 0.158709 115419
9.6 100033 1.30026 0.0713039 115400
9.8 100033 1.30026 0.0713039 115400


"t = 0.015"
-10 999972 12.9998 0.00591849 115383
-9.8 999972 12.9998 0.00591849 115383
-9.6 999949 12.9996 0.0109177 115382
-9.4 999908 12.9993 0.0197356 115380
-9.2 999837 12.9987 0.034946 115377
-9 999718 12.9978 0.0605903 115372
-8.8 999521 12.9963 0.102825 115363
-8.6 999206 12.9938 0.170736 115348
-8.4 998710 12.9899 0.277284 115325
-8.2 997952 12.984 0.440318 115290
-8 996822 12.9752 0.683501 115238
-7.8 995182 12.9624 1.03698 115162
-7.6 992863 12.9442 1.53756 115054
-7.4 989670 12.9193 2.22821 114906
-7.2 985389 12.8857 3.15668 114707
-7 979802 12.8418 4.37346 114447
-6.8 972695 12.7858 5.92892 114114
-6.6 963881 12.7162 7.87034 113699
-6.4 953213 12.6316 10.2389 113194
-6.2 940594 12.531 13.0674 112592
-6 925988 12.4138 16.3784 111890
-5.8 909421 12.2801 20.184 111085
-5.6 890975 12.13 24.4858 110179
-5.4 870781 11.9642 29.276 109173
-5.2 849010 11.7838 34.5393 108074
-5 825860 11.5898 40.2541 106886
-4.8 801541 11.3836 46.3947 105617
-4.6 776272 11.1667 52.933 104275
-4.4 750266 10.9405 59.8396 102866
-4.2 723730 10.7063 67.0849 101398
-4 696852 10.4655 74.6404 99878.2
-3.8 669809 10.2194 82.4786 98314.3
-3.6 642758 9.96913 90.5737 96712.3
-3.4 615838 9.71575 98.9014 95078.3
-3.2 589172 9.46027 107.439 93417.9
-3 562869 9.20357 116.166 91736.4
-2.8 537021 8.9465 125.061 90038.8
-2.6 511713 8.68983 134.106 88329.6
-2.4 487016 8.43428 143.28 86613.6
-2.2 462996 8.18059 152.563 84895.3
-2 439717 7.92952 161.93 83179.8
-1.8 417243 7.68188 171.354 81472.9
-1.6 395645 7.43867 180.797 79781.5
-1.4 375011 7.20115 190.208 78114.8
-1.2 355459 6.97108 199.512 76485.9
-1 337167 6.75105 208.593 74914.3
-0.8 320409 6.54513 217.264 73430.7
-0.6 305627 6.35978 225.218 72084.4
-0.4 293512 6.20506 231.972 70953.2
-0.2 284965 6.09411 236.871 70141.2
0 280507 6.03511 239.462 69718.7
0.2 278927 6.01305 240.363 69580.4
0.4 277890 5.99776 240.942 69498.4
0.6 277164 5.98616 241.333 69451.1
0.8 276632 5.97653 241.606 69429.5
1 276229 5.9675 241.799 69433.4
1.2 275915 5.95732 241.936 69473
1.4 275664 5.94315 242.032 69575.2
1.6 275457 5.92025 242.097 69792
1.8 275283 5.88144 242.139 70208.1
2 275132 5.81714 242.164 70945
2.2 274998 5.71648 242.174 72159.3
2.4 274877 5.56932 242.173 74033.4
2.6 274767 5.36908 242.163 76763.7
2.8 274665 5.11519 242.145 80544
3 274570 4.81451 242.12 85544.7
3.2 274482 4.48093 242.09 91883.5
3.4 274399 4.13324 242.054 99582.5
3.6 274321 3.79184 242.014 108518
3.8 274246 3.47521 241.969 118372
4 274172 3.19721 241.918 128630
4.2 274099 2.96569 241.862 138635
4.4 274023 2.78245 241.799 147724
4.6 273943 2.64441 241.728 155390
4.8 273855 2.54527 241.647 161391
5 273755 2.47729 241.552 165759
5.2 273634 2.43267 241.435 168725
5.4 273481 2.4045 241.286 170606
5.6 273271 2.38717 241.082 171712
5.8 272963 2.3764 240.784 172297
6 272486 2.36899 240.321 172533
6.2 271713 2.36247 239.571 172518
6.4 270426 2.35458 238.322 172277
6.6 268267 2.34278 236.215 171762
6.8 264655 2.32362 232.66 170846
7 258709 2.29216 226.721 169301
7.2 249220 2.24148 217.002 166779
7.4 234830 2.16325 201.66 162832
7.6 214669 2.05052 178.802 157035
7.8 189530 1.90403 147.699 149312
8 162761 1.73918 110.675 140377
8.2 139173 1.58435 73.7945 131763
8.4 122041 1.46482 43.8033 124972
8.6 111484 1.38759 23.6564 120516
8.8 105696 1.34393 11.9801 117971
9 102744 1.32129 5.83461 116641
9.2 101299 1.31011 2.77688 115982
9.4 100608 1.30473 1.3026 115665
9.6 100282 1.3022 0.604675 115515
9.8 100282 1.3022 0.604675 115515


"t = 0.016"
-10 999888 12.9991 0.0241597 115379
-9.8 999888 12.9991 0.0241597 115379
-9.6 999805 12.9985 0.0418037 115376
-9.4 999670 12.9974 0.070889 115369
-9.2 999452 12.9957 0.11777 115359
-9 999108 12.993 0.191619 115343
-8.8 998580 12.9889 0.305249 115319
-8.6 997786 12.9827 0.475961 115282
-8.4 996624 12.9736 0.72627 115229
-8.2 994962 12.9607 1.08438 115152
-8 992647 12.9426 1.58419 115044
-7.8 989501 12.9179 2.26473 114899
-7.6 985333 12.8853 3.16892 114705
-7.4 979948 12.843 4.34162 114454
-7.2 973158 12.7895 5.82732 114136
-7 964800 12.7235 7.66753 113743
-6.8 954742 12.6437 9.89834 113267
-6.6 942900 12.5494 12.5484 112703
-6.4 929242 12.44 15.6377 112047
-6.2 913785 12.3154 19.177 111298
-6 896598 12.1759 23.1681 110456
-5.8 877792 12.0219 27.6044 109524
-5.6 857514 11.8545 32.473 108505
-5.4 835932 11.6744 37.755 107405
-5.2 813231 11.4831 43.4283 106230
-5 789601 11.2815 49.4678 104986
-4.8 765233 11.0711 55.8477 103680
-4.6 740307 10.853 62.5417 102318
-4.4 714996 10.6285 69.524 100907
-4.2 689458 10.3987 76.77 99453.4
-4 663835 10.1646 84.2563 97962.8
-3.8 638258 9.92721 91.9611 96440.7
-3.6 612840 9.68742 99.8641 94892.1
-3.4 587680 9.44604 107.946 93321.7
-3.2 562868 9.20382 116.19 91733.9
-3 538478 8.96143 124.578 90132.7
-2.8 514579 8.71952 133.095 88522
-2.6 491230 8.47869 141.724 86905.5
-2.4 468483 8.23952 150.448 85287.1
-2.2 446390 8.00262 159.249 83670.7
-2 425000 7.76863 168.105 82060.8
-1.8 404368 7.5383 176.989 80462.6
-1.6 384556 7.31254 185.864 78882.8
-1.4 365647 7.09257 194.68 77330.3
-1.2 347756 6.8801 203.361 75817.9
-1 331058 6.6777 211.79 74365
-0.8 315823 6.48934 219.781 73001.9
-0.6 302480 6.32129 227.038 71776.6
-0.4 291674 6.18287 233.107 70761.7
-0.2 284176 6.08541 237.423 70047
0 280296 6.03402 239.68 69679
0.2 278827 6.01358 240.521 69549.2
0.4 277852 5.99935 241.068 69470.5
0.6 277166 5.98862 241.44 69423.3
0.8 276663 5.97989 241.702 69398.3
1 276282 5.97214 241.888 69392.7
1.2 275985 5.96425 242.021 69409.9
1.4 275749 5.95458 242.116 69462.9
1.6 275555 5.94036 242.182 69580.4
1.8 275392 5.91703 242.226 69813.4
2 275252 5.87791 242.254 70242.2
2.2 275128 5.81428 242.268 70979
2.4 275017 5.71637 242.272 72165.7
2.6 274915 5.57512 242.267 73966.7
2.8 274821 5.38452 242.256 76558.8
3 274734 5.1437 242.238 80117.5
3.2 274651 4.85823 242.215 84799.8
3.4 274574 4.5399 242.187 90720.4
3.6 274501 4.20513 242.156 97916.6
3.8 274433 3.8723 242.12 106306
4 274367 3.55875 242.081 115644
4.2 274302 3.27827 242.038 125509
4.4 274239 3.03959 241.99 135334
4.6 274175 2.84604 241.938 144504
4.8 274109 2.69626 241.88 152494
5 274039 2.58549 241.816 158986
5.2 273962 2.5071 241.743 163911
5.4 273875 2.45394 241.659 167409
5.6 273772 2.4193 241.56 169742
5.8 273644 2.39752 241.435 171204
6 273474 2.38413 241.27 172059
6.2 273234 2.3758 241.037 172511
6.4 272872 2.3701 240.685 172696
6.6 272297 2.36516 240.129 172693
6.8 271356 2.35931 239.217 172522
7 269789 2.35071 237.692 172153
7.2 267166 2.33682 235.127 171493
7.4 262814 2.31389 230.825 170371
7.6 255741 2.2764 223.706 168517
7.8 244660 2.2169 212.216 165542
8 228298 2.12717 194.432 160987
8.2 206228 2.00215 168.702 154505
8.4 180095 1.84709 135.155 146253
8.6 153983 1.68275 97.475 137260
8.8 132483 1.53847 62.4439 129170
9 117779 1.434 35.8383 123201
9.2 109108 1.36978 18.9204 119481
9.4 104480 1.33463 9.46343 117425
9.6 102152 1.31671 4.58407 116372
9.8 102152 1.31671 4.58407 116372


"t = 0.017"
-10 999621 12.997 0.0813953 115367
-9.8 999621 12.997 0.0813953 115367
-9.6 999383 12.9952 0.132657 115356
-9.4 999014 12.9923 0.21193 115339
-9.2 998456 12.988 0.331797 115313
-9 997633 12.9815 0.508943 115275
-8.8 996445 12.9723 0.764735 115220
-8.6 994771 12.9592 1.12554 115143
-8.4 992469 12.9412 1.62261 115036
-8.2 989377 12.917 2.29152 114893
-8 985324 12.8852 3.17097 114704
-7.8 980134 12.8444 4.30111 114462
-7.6 973641 12.7933 5.72147 114158
-7.4 965700 12.7306 7.4688 113785
-7.2 956195 12.6553 9.575 113336
-7 945051 12.5666 12.0654 112806
-6.8 932236 12.464 14.9579 112191
-6.6 917764 12.3475 18.262 111491
-6.4 901692 12.2173 21.9798 110706
-6.2 884114 12.0738 26.1059 109838
-6 865157 11.9178 30.629 108891
-5.8 844967 11.75 35.5329 107868
-5.6 823705 11.5716 40.7981 106775
-5.4 801540 11.3837 46.4024 105617
-5.2 778639 11.1872 52.3229 104401
-5 755165 10.9834 58.5359 103133
-4.8 731275 10.7733 65.0182 101817
-4.6 707110 10.558 71.7476 100461
-4.4 682803 10.3383 78.7027 99068.7
-4.2 658473 10.1152 85.8637 97645.6
-4 634225 9.88955 93.2121 96196.2
-3.8 610153 9.662 100.73 94724.7
-3.6 586340 9.43325 108.403 93235.1
-3.4 562857 9.20394 116.215 91730.9
-3.2 539768 8.97462 124.151 90215.6
-3 517127 8.74584 132.2 88692.4
-2.8 494983 8.51808 140.346 87164.5
-2.6 473380 8.29184 148.576 85634.8
-2.4 452359 8.06759 156.876 84106.7
-2.2 431959 7.84585 165.228 82583.6
-2 412223 7.6272 173.612 81069.7
-1.8 393197 7.41232 182 79569.7
-1.6 374941 7.20209 190.358 78090.1
-1.4 357534 6.99767 198.634 76639.8
-1.2 341089 6.80078 206.752 75231.5
-1 325779 6.61395 214.595 73884.5
-0.8 311872 6.44109 221.978 72628.6
-0.6 299782 6.28823 228.615 71510.3
-0.4 290107 6.164 234.083 70597
-0.2 283501 6.07801 237.899 69965.6
0 280099 6.03291 239.881 69642.7
0.2 278728 6.01391 240.667 69520.8
0.4 277811 6.00063 241.183 69445.5
0.6 277163 5.99064 241.538 69399
0.8 276686 5.98261 241.789 69372.4
1 276324 5.97571 241.968 69361.9
1.2 276043 5.96915 242.098 69367.5
1.4 275819 5.96196 242.191 69394.9
1.6 275637 5.95252 242.257 69458.8
1.8 275484 5.93812 242.302 69588.7
2 275353 5.91441 242.332 69834.5
2.2 275239 5.87514 242.349 70272
2.4 275136 5.81236 242.357 71004.5
2.6 275042 5.71721 242.356 72161.5
2.8 274955 5.58156 242.349 73892.1
3 274874 5.39983 242.336 76356.2
3.2 274797 5.17095 242.319 79713.8
3.4 274725 4.89938 242.297 84110.2
3.6 274657 4.59517 242.272 89656.1
3.8 274592 4.27271 242.244 96399.8
4 274531 3.94856 242.213 104290
4.2 274472 3.63892 242.178 113140
4.4 274416 3.35729 242.14 122606
4.6 274360 3.113 242.099 132201
4.8 274304 2.91058 242.055 141366
5 274248 2.75015 242.006 149582
5.2 274189 2.62836 241.953 156479
5.4 274126 2.5397 241.894 161905
5.6 274058 2.47774 241.829 165912
5.8 273981 2.43611 241.755 168700
6 273893 2.40915 241.669 170532
6.2 273785 2.39225 241.563 171670
6.4 273646 2.38186 241.428 172331
6.6 273456 2.37539 241.243 172680
6.8 273177 2.37097 240.973 172826
7 272747 2.3672 240.556 172829
7.2 272054 2.36285 239.886 172707
7.4 270913 2.35656 238.779 172441
7.6 269011 2.3465 236.927 171965
7.8 265844 2.32986 233.82 171155
8 260637 2.3024 228.645 169803
8.2 252288 2.25799 220.165 167597
8.4 239470 2.18871 206.679 164117
8.6 221093 2.08691 186.262 158915
8.8 197329 1.95028 157.682 151769
9 170716 1.78928 122.152 143116
9.2 145827 1.62909 84.6596 134272
9.4 126653 1.49767 52.1607 126850
9.6 114254 1.40814 29.012 121707
9.8 114254 1.40814 29.012 121707


"t = 0.018"
-10 998923 12.9916 0.231515 115335
-9.8 998923 12.9916 0.231515 115335
-9.6 998340 12.987 0.356812 115308
-9.4 997492 12.9804 0.539265 115269
-9.2 996286 12.971 0.799114 115213
-9 994607 12.9579 1.16099 115135
-8.8 992325 12.94 1.65378 115030
-8.6 989292 12.9163 2.30997 114889
-8.4 985353 12.8854 3.16463 114706
-8.2 980351 12.8461 4.25385 114472
-8 974136 12.7972 5.61301 114182
-7.8 966579 12.7375 7.27487 113826
-7.6 957577 12.6662 9.26783 113401
-7.4 947062 12.5826 11.6146 112901
-7.2 935003 12.4862 14.331 112324
-7 921411 12.377 17.4261 111668
-6.8 906332 12.255 20.9017 110934
-6.6 889849 12.1208 24.7536 110123
-6.4 872069 11.9748 28.9721 109238
-6.2 853121 11.818 33.5429 108283
-6 833148 11.6511 38.4488 107262
-5.8 812297 11.4752 43.6703 106181
-5.6 790719 11.2912 49.1866 105045
-5.4 768560 11.1001 54.9765 103859
-5.2 745962 10.9028 61.0191 102628
-5 723054 10.7005 67.294 101358
-4.8 699959 10.4937 73.7818 100054
-4.6 676786 10.2835 80.4642 98718.9
-4.4 653633 10.0706 87.3242 97358
-4.2 630589 9.85553 94.3459 95974.9
-4 607731 9.63904 101.515 94573.4
-3.8 585128 9.42168 108.817 93156.6
-3.6 562838 9.20396 116.24 91727.7
-3.4 540916 8.98636 123.772 90289.4
-3.2 519405 8.76933 131.402 88844.6
-3 498346 8.55327 139.117 87395.7
-2.8 477777 8.3386 146.908 85945.5
-2.6 457729 8.12571 154.761 84496.4
-2.4 438236 7.91502 162.662 83051.4
-2.2 419330 7.70698 170.597 81613.7
-2 401048 7.50212 178.545 80186.9
-1.8 383432 7.30108 186.479 78775.8
-1.6 366540 7.10471 194.365 77386.8
-1.4 350449 6.91417 202.15 76028.4
-1.2 335272 6.73115 209.757 74713.6
-1 321182 6.55817 217.071 73461.4
-0.8 308441 6.39907 223.907 72301.5
-0.6 297452 6.25964 229.99 71278.5
-0.4 288762 6.14783 234.928 70454.6
-0.2 282917 6.07165 238.314 69894.7
0 279913 6.0318 240.066 69609.4
0.2 278632 6.0141 240.802 69494.8
0.4 277769 6.00167 241.29 69422.9
0.6 277155 5.99232 241.628 69377.5
0.8 276702 5.98487 241.868 69350.3
1 276358 5.97858 242.041 69337
1.2 276091 5.97287 242.166 69336.4
1.4 275879 5.96709 242.258 69350.2
1.6 275706 5.96031 242.323 69385.6
1.8 275563 5.95094 242.369 69458.7
2 275440 5.9363 242.4 69598.9
2.2 275333 5.91227 242.419 69854.7
2.4 275238 5.87301 242.43 70297.3
2.6 275151 5.8112 242.432 71022.5
2.8 275070 5.71883 242.429 72148.7
3 274995 5.58846 242.42 73811.5
3.2 274924 5.41496 242.407 76156.9
3.4 274857 5.19701 242.39 79331.1
3.6 274792 4.93821 242.37 83469.2
3.8 274732 4.64713 242.347 88677.8
4 274674 4.3364 242.322 95012.1
4.2 274618 4.02095 242.294 102445
4.4 274566 3.71583 242.263 110836
4.6 274515 3.43418 242.23 119904
4.8 274465 3.18564 242.194 129236
5 274416 2.97568 242.156 138329
5.2 274367 2.80567 242.114 146685
5.4 274316 2.67355 242.069 153905
5.6 274263 2.57491 242.02 159770
5.8 274206 2.50408 241.966 164256
6 274145 2.4551 241.907 167495
6.2 274077 2.42246 241.841 169710
6.4 274000 2.40143 241.765 171148
6.6 273908 2.38827 241.675 172033
6.8 273792 2.38017 241.563 172546
7 273639 2.37512 241.414 172816
7.2 273422 2.37168 241.203 172930
7.4 273096 2.36878 240.887 172935
7.6 272583 2.36552 240.391 172848
7.8 271748 2.3609 239.583 172655
8 270367 2.35359 238.243 172312
8.2 268070 2.34155 236.002 171726
8.4 264268 2.32158 232.257 170746
8.6 258076 2.28886 226.061 169130
8.8 248300 2.2366 216.017 166525
9 233628 2.1567 200.297 162490
9.2 213292 2.04273 177.063 156622
9.4 188217 1.89622 145.684 148888
9.6 161826 1.73328 108.565 140046
9.8 161826 1.73328 108.565 140046


"t = 0.019"
-10 997364 12.9794 0.56699 115263
-9.8 997364 12.9794 0.56699 115263
-9.6 996144 12.9699 0.829655 115206
-9.4 994467 12.9568 1.19128 115129
-9.2 992210 12.9391 1.67856 115024
-9 989240 12.9159 2.3213 114886
-8.8 985414 12.8859 3.15135 114708
-8.6 980591 12.848 4.20137 114484
-8.4 974637 12.8012 5.50317 114205
-8.2 967435 12.7443 7.08616 113867
-8 958893 12.6767 8.97583 113463
-7.8 948947 12.5976 11.1925 112991
-7.6 937570 12.5068 13.7508 112448
-7.4 924768 12.404 16.6587 111831
-7.2 910581 12.2895 19.9184 111142
-7 895078 12.1635 23.5264 110381
-6.8 878354 12.0266 27.4742 109552
-6.6 860522 11.8794 31.7495 108657
-6.4 841708 11.7228 36.3369 107701
-6.2 822043 11.5576 41.219 106688
-6 801662 11.3847 46.3772 105623
-5.8 780699 11.205 51.7923 104511
-5.6 759280 11.0194 57.4452 103356
-5.4 737526 10.8286 63.3173 102163
-5.2 715548 10.6336 69.3909 100937
-5 693449 10.435 75.6489 99680.9
-4.8 671319 10.2336 82.0758 98399.4
-4.6 649243 10.0299 88.6568 97095.9
-4.4 627294 9.82463 95.3784 95773.7
-4.2 605535 9.6182 102.228 94435.8
-4 584026 9.41115 109.194 93085.1
-3.8 562814 9.2039 116.266 91724.2
-3.6 541944 8.99686 123.433 90355.4
-3.4 521454 8.79041 130.686 88981.1
-3.2 501378 8.58489 138.015 87603.5
-3 481746 8.38065 145.411 86224.7
-2.8 462586 8.17801 152.863 84846.9
-2.6 443924 7.97732 160.361 83472.4
-2.4 425787 7.77894 167.891 82103.8
-2.2 408204 7.58329 175.439 80744
-2 391206 7.39086 182.984 79396.7
-1.8 374836 7.20226 190.502 78066.3
-1.6 359148 7.01834 197.955 76759.1
-1.4 344219 6.84024 205.292 75484
-1.2 330163 6.66964 212.436 74253.5
-1 317151 6.50905 219.268 73086.9
-0.8 305444 6.36225 225.61 72013.2
-0.6 295426 6.23477 231.194 71075.4
-0.4 287599 6.13387 235.664 70330.6
-0.2 282408 6.06614 238.678 69832.3
0 279739 6.0307 240.237 69578.7
0.2 278540 6.01417 240.927 69470.9
0.4 277725 6.0025 241.389 69402.3
0.6 277143 5.99373 241.71 69358.2
0.8 276712 5.98678 241.94 69330.8
1 276386 5.98098 242.107 69316.1
1.2 276132 5.97585 242.229 69311.9
1.4 275930 5.97094 242.318 69318.3
1.6 275766 5.96567 242.382 69338.3
1.8 275630 5.95911 242.428 69380.4
2 275515 5.9497 242.46 69461.1
2.2 275415 5.93482 242.481 69609.8
2.4 275326 5.91054 242.493 69873.2
2.6 275245 5.87141 242.498 70318.3
2.8 275170 5.81069 242.498 71033.9
3 275101 5.72105 242.492 72128.5
3.2 275035 5.5957 242.483 73726.6
3.4 274972 5.42982 242.47 75961.5
3.6 274912 5.22196 242.454 78968
3.8 274854 4.97495 242.435 82871.4
4 274799 4.69611 242.414 87774.5
4.2 274747 4.39655 242.391 93737.2
4.4 274697 4.08974 242.366 100751
4.6 274649 3.78964 242.338 108710
4.8 274603 3.50888 242.309 117389
5 274558 3.25728 242.277 126436
5.2 274514 3.04101 242.243 135406
5.4 274470 2.86247 242.207 143829
5.6 274426 2.72076 242.168 151295
5.8 274380 2.61252 242.126 157537
6 274331 2.53286 242.081 162463
6.2 274280 2.47634 242.032 166140
6.4 274225 2.43762 241.978 168745
6.6 274164 2.41199 241.919 170501
6.8 274096 2.39554 241.852 171629
7 274016 2.38526 241.773 172318
7.2 273919 2.37893 241.679 172716
7.4 273794 2.37497 241.557 172925
7.6 273622 2.37226 241.39 173013
7.8 273372 2.37002 241.148 173019
8 272988 2.36756 240.776 172955
8.2 272375 2.36415 240.182 172816
8.4 271373 2.35884 239.206 172567
8.6 269717 2.35017 237.579 172147
8.8 266978 2.33584 234.851 171445
9 262496 2.31227 230.293 170285
9.2 255302 2.27414 222.776 168395
9.4 244136 2.21416 210.716 165392
9.6 227704 2.124 192.253 160808
9.8 227704 2.124 192.253 160808


"t = 0.02"
-10 994348 12.9559 1.21691 115123
-9.8 994348 12.9559 1.21691 115123
-9.6 992122 12.9385 1.69774 115020
-9.4 989216 12.9157 2.32653 114885
-9.2 985502 12.8866 3.13237 114713
-9 980850 12.8501 4.1449 114496
-8.8 975141 12.8051 5.3929 114229
-8.6 968267 12.7509 6.90292 113906
-8.4 960146 12.6866 8.69798 113523
-8.2 950719 12.6117 10.7965 113076
-8 939959 12.5259 13.2117 112562
-7.8 927871 12.429 15.9512 111981
-7.6 914488 12.3211 19.0172 111332
-7.4 899869 12.2025 22.4068 110617
-7.2 884097 12.0737 26.1128 109838
-7 867273 11.9353 30.1241 108997
-6.8 849506 11.7879 34.4273 108099
-6.6 830916 11.6324 39.0067 107147
-6.4 811625 11.4695 43.8454 106146
-6.2 791752 11.3 48.9262 105099
-6 771413 11.1248 54.2315 104012
-5.8 750719 10.9446 59.7444 102889
-5.6 729774 10.7602 65.4483 101733
-5.4 708672 10.5721 71.3278 100548
-5.2 687499 10.3812 77.3681 99338.2
-5 666333 10.1879 83.5556 98106.5
-4.8 645244 9.99282 89.8777 96856.1
-4.6 624293 9.79644 96.3228 95589.8
-4.4 603535 9.5992 102.88 94310.2
-4.2 583018 9.40152 109.54 93019.8
-4 562784 9.20378 116.292 91720.6
-3.8 542869 9.00631 123.128 90414.8
-3.6 523307 8.80944 130.041 89104.4
-3.4 504124 8.61346 137.021 87791.2
-3.2 485347 8.41867 144.06 86477
-3 467000 8.22533 151.151 85163.7
-2.8 449103 8.03373 158.284 83853.2
-2.6 431679 7.84418 165.449 82547.6
-2.4 414750 7.657 172.633 81249.2
-2.2 398342 7.47257 179.822 79960.8
-2 382486 7.29138 186.996 78685.9
-1.8 367221 7.11401 194.13 77429
-1.6 352601 6.94131 201.187 76196.3
-1.4 338705 6.77441 208.114 74996.6
-1.2 325646 6.615 214.833 73842.7
-1 313595 6.46557 221.228 72753.6
-0.8 302809 6.32981 227.121 71757.9
-0.6 293655 6.21301 232.256 70896.7
-0.4 286588 6.12176 236.308 70222
-0.2 281962 6.06133 239.001 69777.2
0 279575 6.02962 240.395 69550.4
0.2 278451 6.01415 241.043 69448.9
0.4 277681 6.00318 241.481 69383.4
0.6 277128 5.99493 241.787 69340.7
0.8 276719 5.98842 242.007 69313.6
1 276408 5.98302 242.168 69298
1.2 276166 5.97833 242.286 69291.6
1.4 275974 5.974 242.372 69293.7
1.6 275818 5.96963 242.435 69305.3
1.8 275689 5.96468 242.481 69330.4
2 275580 5.95823 242.513 69378
2.2 275486 5.94872 242.535 69465.1
2.4 275402 5.93361 242.549 69620.9
2.6 275327 5.90916 242.556 69889.9
2.8 275258 5.87027 242.558 70335.2
3 275193 5.81071 242.555 71039.3
3.2 275131 5.72376 242.549 72102.4
3.4 275073 5.60317 242.539 73638.6
3.6 275017 5.44439 242.526 75770.6
3.8 274963 5.24586 242.511 78622.8
4 274911 5.00977 242.494 82312.3
4.2 274861 4.74238 242.474 86937.6
4.4 274813 4.45347 242.453 92561.4
4.6 274768 4.15519 242.43 99189.5
4.8 274724 3.86047 242.406 106745
5 274682 3.58138 242.379 115046
5.2 274641 3.32776 242.351 123796
5.4 274601 3.10627 242.321 132603
5.6 274561 2.92021 242.289 141032
5.8 274522 2.76969 242.255 148675
6 274481 2.6523 242.218 155232
6.2 274439 2.56397 242.179 160555
6.4 274395 2.49979 242.137 164650
6.6 274348 2.45472 242.092 167645
6.8 274298 2.4241 242.043 169732
7 274243 2.40394 241.989 171121
7.2 274182 2.39104 241.929 172006
7.4 274112 2.38299 241.861 172543
7.6 274029 2.37802 241.78 172851
7.8 273926 2.3749 241.678 173013
8 273790 2.37278 241.542 173082
8.2 273602 2.37106 241.347 173088
8.4 273327 2.36926 241.051 173045
8.6 272909 2.36692 240.575 172952
8.8 272253 2.36344 239.788 172791
9 271184 2.35784 238.481 172520
9.2 269380 2.34843 236.332 172059
9.4 266276 2.33219 232.863 171261
9.6 260989 2.30439 227.334 169886
9.8 260989 2.30439 227.334 169886


