0 1 1 1
0.00625 1.00125 1.00125 1.00125
0.0125 1.0025 1.0025 1.0025
0.01875 1.00375 1.00375 1.00375
0.025 1.005 1.005 1.005
0.03125 1.00625 1.00625 1.00625
0.0375 1.0075 1.0075 1.0075
0.04375 1.00875 1.00875 1.00875
0.05 1.01 1.01 1.01
0.05625 1.01125 1.01125 1.01125
0.0625 1.0125 1.0125 1.0125
0.06875 1.01375 1.01375 1.01375
0.075 1.015 1.015 1.015
0.08125 1.01625 1.01625 1.01625
0.0875 1.0175 1.0175 1.0175
0.09375 1.01875 1.01875 1.01875
0.1 1.02 1.02 1.02
0.10625 1.02125 1.02125 1.02125
0.1125 1.0225 1.0225 1.0225
0.11875 1.02375 1.02375 1.02375
0.125 1.025 1.025 1.025
0.13125 1.02625 1.02625 1.02625
0.1375 1.0275 1.0275 1.0275
0.14375 1.02875 1.02875 1.02875
0.15 1.03 1.03 1.03
0.15625 1.03125 1.03125 1.03125
0.1625 1.0325 1.0325 1.0325
0.16875 1.03375 1.03375 1.03375
0.175 1.035 1.035 1.035
0.18125 1.03625 1.03625 1.03625
0.1875 1.0375 1.0375 1.0375
0.19375 1.03875 1.03875 1.03875
0.2 1.04 1.04 1.04
0.20625 1.04125 1.04125 1.04125
0.2125 1.0425 1.0425 1.0425
0.21875 1.04375 1.04375 1.04375
0.225 1.045 1.045 1.045
0.23125 1.04625 1.04625 1.04625
0.2375 1.0475 1.0475 1.0475
0.24375 1.04875 1.04875 1.04875
0.25 1.05 1.05 1.05
0.25625 1.05125 1.05125 1.05125
0.2625 1.0525 1.0525 1.0525
0.26875 1.05375 1.05375 1.05375
0.275 1.055 1.055 1.055
0.28125 1.05625 1.05625 1.05625
0.2875 1.0575 1.0575 1.0575
0.29375 1.05875 1.05875 1.05875
0.3 1.06 1.06 1.06
0.30625 1.06125 1.06125 1.06125
0.3125 1.0625 1.0625 1.0625
0.31875 1.06375 1.06375 1.06375
0.325 1.065 1.065 1.065
0.33125 1.06625 1.06625 1.06625
0.3375 1.0675 1.0675 1.0675
0.34375 1.06875 1.06875 1.06875
0.35 1.07 1.07 1.07
0.35625 1.07125 1.07125 1.07125
0.3625 1.0725 1.0725 1.0725
0.36875 1.07375 1.07375 1.07375
0.375 1.07499 1.075 1.075
0.38125 1.07624 1.07625 1.07625
0.3875 1.07746 1.0775 1.0775
0.39375 1.07866 1.07875 1.07875
0.4 1.07978 1.08 1.08
0.40625 1.08076 1.08125 1.08125
0.4125 1.08144 1.0825 1.0825
0.41875 1.08156 1.08375 1.08375
0.425 1.08063 1.085 1.085
0.43125 1.07792 1.08625 1.08625
0.4375 1.07228 1.0875 1.0875
0.44375 1.06211 1.08875 1.08875
0.45 1.04533 1.09 1.09
0.45625 1.01954 1.09125 1.09125
0.4625 0.982258 1.0925 1.0925
0.46875 0.931419 1.09375 1.09375
0.475 0.865968 1.095 1.095
0.48125 0.786435 1.09625 1.09625
0.4875 0.695301 1.0975 1.0975
0.49375 0.596976 1.09875 1.09875
0.5 0.497273 1.1 1.1
0.50625 0.402461 1.10125 1.10125
0.5125 0.31812 1.1025 1.1025
0.51875 0.248137 1.10375 1.10375
0.525 0.19415 1.105 1.105
0.53125 0.155574 1.10625 1.10625
0.5375 0.130151 1.1075 1.1075
0.54375 0.114775 1.10875 1.10875
0.55 0.10629 1.11 1.11
0.55625 0.102047 1.11125 1.11125
0.5625 0.100139 1.1125 1.1125
0.56875 0.0993765 1.11375 1.11375
0.575 0.0991081 1.115 1.115
0.58125 0.0990264 1.11625 1.11625
0.5875 0.0990053 1.1175 1.1175
0.59375 0.0990009 1.11875 1.11875
0.6 0.0990001 1.12 1.12
0.60625 0.099 1.12125 1.12125
0.6125 0.099 1.1225 1.1225
0.61875 0.099 1.12375 1.12375
0.625 0.099 1.125 1.125
0.63125 0.099 1.12625 1.12625
0.6375 0.099 1.1275 1.1275
0.64375 0.099 1.12875 1.12875
0.65 0.099 1.13 1.13
0.65625 0.099 1.13125 1.13125
0.6625 0.099 1.1325 1.1325
0.66875 0.099 1.13375 1.13375
0.675 0.099 1.135 1.135
0.68125 0.099 1.13625 1.13625
0.6875 0.099 1.1375 1.1375
0.69375 0.099 1.13875 1.13875
0.7 0.099 1.14 1.14
0.70625 0.099 1.14125 1.14125
0.7125 0.099 1.1425 1.1425
0.71875 0.099 1.14375 1.14375
0.725 0.099 1.145 1.145
0.73125 0.099 1.14625 1.14625
0.7375 0.099 1.1475 1.1475
0.74375 0.099 1.14875 1.14875
0.75 0.099 1.15 1.15
0.75625 0.099 1.15125 1.15125
0.7625 0.099 1.1525 1.1525
0.76875 0.099 1.15375 1.15375
0.775 0.099 1.155 1.155
0.78125 0.099 1.15625 1.15625
0.7875 0.099 1.1575 1.1575
0.79375 0.099 1.15875 1.15875
0.8 0.099 1.16 1.16
0.80625 0.099 1.16125 1.16125
0.8125 0.099 1.1625 1.1625
0.81875 0.099 1.16375 1.16375
0.825 0.099 1.165 1.165
0.83125 0.099 1.16624 1.16625
0.8375 0.099 1.16748 1.1675
0.84375 0.099 1.16872 1.16875
0.85 0.099 1.16994 1.17
0.85625 0.099 1.17114 1.17125
0.8625 0.099 1.17229 1.1725
0.86875 0.099 1.17338 1.17375
0.875 0.099 1.17434 1.175
0.88125 0.099 1.1751 1.17625
0.8875 0.099 1.17554 1.1775
0.89375 0.099 1.1755 1.17875
0.9 0.099 1.17472 1.18
0.90625 0.099 1.17287 1.18125
0.9125 0.099 1.16951 1.1825
0.91875 0.099 1.16406 1.18375
0.925 0.099 1.15582 1.185
0.93125 0.099 1.144 1.18625
0.9375 0.099 1.12769 1.1875
0.94375 0.099 1.106 1.18875
0.95 0.099 1.07807 1.19
0.95625 0.099 1.04321 1.19125
0.9625 0.099 1.00102 1.1925
0.96875 0.099 0.95148 1.19375
0.975 0.099 0.895023 1.195
0.98125 0.099 0.832608 1.19625
0.9875 0.099 0.765678 1.1975
0.99375 0.099 0.696092 1.19875
1 0.099 0.625976 1.2
1.00625 0.099 0.557541 1.20125
1.0125 0.099 0.492874 1.2025
1.01875 0.099 0.433754 1.20375
1.025 0.099 0.381494 1.205
1.03125 0.099 0.336859 1.20625
1.0375 0.099 0.300053 1.2075
1.04375 0.099 0.270775 1.20875
1.05 0.099 0.248327 1.21
1.05625 0.099 0.231754 1.21125
1.0625 0.099 0.219983 1.2125
1.06875 0.099 0.211949 1.21375
1.075 0.099 0.206686 1.215
1.08125 0.099 0.203381 1.21625
1.0875 0.099 0.201394 1.2175
1.09375 0.099 0.200252 1.21875
1.1 0.099 0.199625 1.22
1.10625 0.099 0.199298 1.22125
1.1125 0.099 0.199135 1.2225
1.11875 0.099 0.199058 1.22375
1.125 0.099 0.199024 1.225
1.13125 0.099 0.199009 1.22625
1.1375 0.099 0.199003 1.2275
1.14375 0.099 0.199001 1.22875
1.15 0.099 0.199 1.23
1.15625 0.099 0.199 1.23125
1.1625 0.099 0.199 1.2325
1.16875 0.099 0.199 1.23375
1.175 0.099 0.199 1.235
1.18125 0.099 0.199 1.23625
1.1875 0.099 0.199 1.2375
1.19375 0.099 0.199 1.23875
1.2 0.099 0.199 1.24
1.20625 0.099 0.199 1.24125
1.2125 0.099 0.199 1.2425
1.21875 0.099 0.199 1.24375
1.225 0.099 0.199 1.245
1.23125 0.099 0.199 1.24625
1.2375 0.099 0.199 1.2475
1.24375 0.099 0.199 1.24875
1.25 0.099 0.199 1.25
1.25625 0.099 0.199 1.25125
1.2625 0.099 0.199 1.2525
1.26875 0.099 0.199 1.25375
1.275 0.099 0.199 1.255
1.28125 0.099 0.199 1.25625
1.2875 0.099 0.199 1.2575
1.29375 0.099 0.199 1.25874
1.3 0.099 0.199 1.25999
1.30625 0.099 0.199 1.26123
1.3125 0.099 0.199 1.26247
1.31875 0.099 0.199 1.26369
1.325 0.099 0.199 1.2649
1.33125 0.099 0.199 1.26609
1.3375 0.099 0.199 1.26723
1.34375 0.099 0.199 1.26831
1.35 0.099 0.199 1.2693
1.35625 0.099 0.199 1.27014
1.3625 0.099 0.199 1.27078
1.36875 0.099 0.199 1.27112
1.375 0.099 0.199 1.27104
1.38125 0.099 0.199 1.27037
1.3875 0.099 0.199 1.26892
1.39375 0.099 0.199 1.26643
1.4 0.099 0.199 1.26257
1.40625 0.099 0.199 1.25697
1.4125 0.099 0.199 1.24921
1.41875 0.099 0.199 1.23883
1.425 0.099 0.199 1.22531
1.43125 0.099 0.199 1.20815
1.4375 0.099 0.199 1.1869
1.44375 0.099 0.199 1.16113
1.45 0.099 0.199 1.13056
1.45625 0.099 0.199 1.09503
1.4625 0.099 0.199 1.05459
1.46875 0.099 0.199 1.0095
1.475 0.099 0.199 0.960228
1.48125 0.099 0.199 0.907496
1.4875 0.099 0.199 0.852211
1.49375 0.099 0.199 0.795443
1.5 0.099 0.199 0.738363
1.50625 0.099 0.199 0.682173
1.5125 0.099 0.199 0.62803
1.51875 0.099 0.199 0.57698
1.525 0.099 0.199 0.529889
1.53125 0.099 0.199 0.487405
1.5375 0.099 0.199 0.449931
1.54375 0.099 0.199 0.417621
1.55 0.099 0.199 0.390403
1.55625 0.099 0.199 0.368006
1.5625 0.099 0.199 0.35001
1.56875 0.099 0.199 0.335898
1.575 0.099 0.199 0.3251
1.58125 0.099 0.199 0.317043
1.5875 0.099 0.199 0.311182
1.59375 0.099 0.199 0.307028
1.6 0.099 0.199 0.30416
1.60625 0.099 0.199 0.302233
1.6125 0.099 0.199 0.300973
1.61875 0.099 0.199 0.300172
1.625 0.099 0.199 0.299678
1.63125 0.099 0.199 0.299381
1.6375 0.099 0.199 0.299208
1.64375 0.099 0.199 0.29911
1.65 0.099 0.199 0.299056
1.65625 0.099 0.199 0.299028
1.6625 0.099 0.199 0.299014
1.66875 0.099 0.199 0.299006
1.675 0.099 0.199 0.299003
1.68125 0.099 0.199 0.299001
1.6875 0.099 0.199 0.299001
1.69375 0.099 0.199 0.299
1.7 0.099 0.199 0.299
1.70625 0.099 0.199 0.299
1.7125 0.099 0.199 0.299
1.71875 0.099 0.199 0.299
1.725 0.099 0.199 0.299
1.73125 0.099 0.199 0.299
1.7375 0.099 0.199 0.299
1.74375 0.099 0.199 0.299
1.75 0.099 0.199 0.299
1.75625 0.099 0.199 0.299
1.7625 0.099 0.199 0.299
1.76875 0.099 0.199 0.299
1.775 0.099 0.199 0.299
1.78125 0.099 0.199 0.299
1.7875 0.099 0.199 0.299
1.79375 0.099 0.199 0.299
1.8 0.099 0.199 0.299
1.80625 0.099 0.199 0.299
1.8125 0.099 0.199 0.299
1.81875 0.099 0.199 0.299
1.825 0.099 0.199 0.299
1.83125 0.099 0.199 0.299
1.8375 0.099 0.199 0.299
1.84375 0.099 0.199 0.299
1.85 0.099 0.199 0.299
1.85625 0.099 0.199 0.299
1.8625 0.099 0.199 0.299
1.86875 0.099 0.199 0.299
1.875 0.099 0.199 0.299
1.88125 0.099 0.199 0.299
1.8875 0.099 0.199 0.299
1.89375 0.099 0.199 0.299
1.9 0.099 0.199 0.299
1.90625 0.099 0.199 0.299
1.9125 0.099 0.199 0.299
1.91875 0.099 0.199 0.299
1.925 0.099 0.199 0.299
1.93125 0.099 0.199 0.299
1.9375 0.099 0.199 0.299
1.94375 0.099 0.199 0.299
1.95 0.099 0.199 0.299
1.95625 0.099 0.199 0.299
1.9625 0.099 0.199 0.299
1.96875 0.099 0.199 0.299
1.975 0.099 0.199 0.299
1.98125 0.099 0.199 0.299
1.9875 0.099 0.199 0.299
1.99375 0.099 0.199 0.299
